
% Spectrum for month 10, day 21.
%
% The first column contains the channel number (0-8191)
% and the second contains the number of counts in that channel.
%
% E2 = 1.0101 MeV
% E3 = 2.6694 MeV
% E4 = 2.7492 MeV
%
0	262
1	254
2	249
3	250
4	251
5	251
6	242
7	261
8	265
9	270
10	262
11	251
12	261
13	258
14	272
15	272
16	263
17	249
18	279
19	280
20	230
21	273
22	268
23	296
24	249
25	280
26	250
27	243
28	263
29	245
30	314
31	273
32	284
33	269
34	276
35	301
36	285
37	270
38	286
39	260
40	277
41	286
42	279
43	262
44	292
45	272
46	284
47	300
48	298
49	277
50	298
51	307
52	284
53	271
54	262
55	308
56	284
57	317
58	299
59	239
60	277
61	290
62	277
63	253
64	291
65	247
66	293
67	290
68	295
69	297
70	280
71	317
72	290
73	283
74	297
75	296
76	317
77	300
78	293
79	287
80	315
81	319
82	302
83	311
84	304
85	308
86	316
87	304
88	329
89	311
90	283
91	305
92	318
93	317
94	312
95	295
96	335
97	288
98	321
99	297
100	320
101	320
102	335
103	314
104	332
105	309
106	314
107	315
108	340
109	300
110	318
111	352
112	295
113	308
114	341
115	317
116	306
117	333
118	322
119	312
120	345
121	350
122	323
123	322
124	317
125	329
126	321
127	349
128	344
129	356
130	322
131	320
132	361
133	362
134	331
135	336
136	337
137	365
138	360
139	331
140	322
141	343
142	345
143	337
144	358
145	346
146	380
147	370
148	358
149	338
150	361
151	347
152	325
153	332
154	375
155	366
156	377
157	332
158	349
159	399
160	323
161	332
162	331
163	362
164	311
165	389
166	353
167	325
168	371
169	344
170	395
171	407
172	377
173	382
174	398
175	364
176	400
177	326
178	342
179	342
180	387
181	389
182	377
183	397
184	383
185	348
186	364
187	375
188	373
189	365
190	337
191	335
192	399
193	371
194	373
195	375
196	361
197	375
198	382
199	389
200	373
201	391
202	374
203	404
204	403
205	398
206	393
207	381
208	368
209	384
210	403
211	391
212	419
213	408
214	361
215	396
216	442
217	355
218	405
219	410
220	392
221	396
222	421
223	410
224	412
225	405
226	392
227	391
228	395
229	398
230	399
231	386
232	406
233	398
234	406
235	400
236	413
237	429
238	396
239	423
240	451
241	420
242	411
243	414
244	433
245	443
246	404
247	423
248	433
249	465
250	395
251	425
252	456
253	411
254	419
255	421
256	393
257	423
258	420
259	447
260	396
261	417
262	450
263	426
264	472
265	412
266	461
267	424
268	407
269	445
270	424
271	448
272	422
273	469
274	406
275	463
276	450
277	444
278	446
279	438
280	434
281	457
282	480
283	461
284	442
285	418
286	434
287	447
288	450
289	470
290	430
291	428
292	447
293	461
294	441
295	472
296	453
297	463
298	454
299	462
300	437
301	471
302	441
303	481
304	454
305	435
306	451
307	476
308	420
309	525
310	486
311	418
312	425
313	488
314	456
315	448
316	449
317	470
318	446
319	447
320	456
321	463
322	485
323	448
324	474
325	477
326	450
327	483
328	490
329	472
330	481
331	500
332	456
333	445
334	463
335	507
336	499
337	453
338	472
339	507
340	515
341	476
342	472
343	441
344	449
345	477
346	545
347	481
348	462
349	502
350	469
351	493
352	506
353	496
354	478
355	476
356	505
357	494
358	481
359	483
360	497
361	510
362	523
363	465
364	465
365	545
366	534
367	494
368	510
369	505
370	531
371	505
372	519
373	553
374	507
375	523
376	529
377	515
378	497
379	545
380	506
381	551
382	504
383	534
384	556
385	526
386	518
387	537
388	528
389	516
390	522
391	560
392	544
393	535
394	533
395	530
396	533
397	505
398	502
399	509
400	544
401	552
402	581
403	521
404	546
405	507
406	565
407	525
408	468
409	544
410	517
411	487
412	527
413	497
414	572
415	584
416	532
417	513
418	577
419	555
420	527
421	555
422	551
423	585
424	537
425	586
426	540
427	520
428	570
429	541
430	575
431	550
432	560
433	549
434	554
435	552
436	602
437	539
438	597
439	558
440	574
441	521
442	572
443	542
444	568
445	556
446	598
447	542
448	591
449	497
450	539
451	567
452	565
453	566
454	577
455	541
456	613
457	621
458	554
459	580
460	597
461	570
462	558
463	579
464	582
465	598
466	591
467	607
468	549
469	558
470	591
471	585
472	605
473	626
474	550
475	596
476	631
477	620
478	619
479	565
480	599
481	600
482	574
483	625
484	632
485	610
486	541
487	636
488	549
489	588
490	608
491	604
492	567
493	548
494	627
495	578
496	646
497	611
498	641
499	610
500	640
501	586
502	600
503	601
504	613
505	580
506	621
507	687
508	648
509	621
510	600
511	570
512	667
513	575
514	603
515	603
516	641
517	617
518	625
519	670
520	600
521	592
522	645
523	603
524	601
525	591
526	617
527	649
528	639
529	616
530	640
531	662
532	610
533	646
534	628
535	606
536	655
537	637
538	642
539	664
540	649
541	623
542	632
543	669
544	649
545	657
546	626
547	642
548	647
549	658
550	620
551	621
552	674
553	654
554	601
555	625
556	616
557	596
558	685
559	651
560	663
561	687
562	644
563	661
564	657
565	633
566	622
567	645
568	668
569	626
570	679
571	688
572	657
573	670
574	653
575	683
576	663
577	680
578	685
579	681
580	652
581	645
582	679
583	681
584	617
585	679
586	730
587	660
588	693
589	698
590	667
591	687
592	655
593	661
594	691
595	625
596	673
597	699
598	683
599	622
600	729
601	675
602	694
603	710
604	677
605	673
606	659
607	695
608	685
609	669
610	711
611	687
612	672
613	715
614	673
615	705
616	680
617	710
618	760
619	675
620	743
621	724
622	685
623	720
624	702
625	689
626	637
627	683
628	686
629	695
630	718
631	734
632	713
633	727
634	732
635	783
636	734
637	661
638	759
639	723
640	713
641	735
642	714
643	695
644	709
645	752
646	728
647	739
648	706
649	739
650	732
651	732
652	748
653	732
654	715
655	706
656	735
657	717
658	711
659	737
660	746
661	752
662	716
663	717
664	722
665	711
666	680
667	752
668	683
669	742
670	712
671	717
672	750
673	742
674	724
675	738
676	748
677	778
678	744
679	721
680	765
681	698
682	730
683	690
684	802
685	728
686	767
687	753
688	713
689	744
690	722
691	754
692	746
693	769
694	752
695	741
696	757
697	715
698	755
699	735
700	750
701	780
702	765
703	763
704	761
705	802
706	809
707	774
708	753
709	766
710	792
711	786
712	823
713	783
714	736
715	796
716	766
717	759
718	788
719	776
720	812
721	796
722	759
723	731
724	780
725	822
726	795
727	759
728	749
729	787
730	785
731	835
732	777
733	772
734	786
735	790
736	758
737	764
738	801
739	830
740	760
741	814
742	823
743	790
744	765
745	823
746	814
747	822
748	779
749	839
750	779
751	814
752	774
753	790
754	809
755	805
756	820
757	808
758	779
759	825
760	792
761	812
762	858
763	828
764	827
765	833
766	819
767	803
768	862
769	807
770	814
771	796
772	833
773	818
774	777
775	856
776	836
777	854
778	826
779	796
780	837
781	833
782	859
783	806
784	865
785	875
786	842
787	834
788	818
789	844
790	870
791	862
792	795
793	857
794	868
795	855
796	855
797	820
798	861
799	863
800	767
801	885
802	911
803	822
804	887
805	877
806	808
807	847
808	932
809	845
810	874
811	827
812	848
813	837
814	843
815	867
816	833
817	857
818	865
819	859
820	805
821	848
822	845
823	851
824	848
825	832
826	855
827	795
828	838
829	815
830	818
831	869
832	888
833	845
834	891
835	812
836	845
837	816
838	845
839	919
840	856
841	840
842	857
843	860
844	821
845	875
846	874
847	848
848	889
849	869
850	888
851	871
852	824
853	862
854	847
855	865
856	864
857	844
858	863
859	854
860	863
861	898
862	924
863	852
864	883
865	902
866	872
867	893
868	970
869	904
870	903
871	926
872	863
873	922
874	881
875	907
876	981
877	883
878	918
879	907
880	886
881	899
882	898
883	954
884	892
885	905
886	908
887	940
888	921
889	882
890	867
891	864
892	893
893	900
894	889
895	912
896	840
897	931
898	915
899	939
900	966
901	931
902	923
903	928
904	870
905	861
906	954
907	884
908	987
909	1000
910	900
911	904
912	930
913	985
914	936
915	895
916	936
917	920
918	964
919	898
920	922
921	928
922	925
923	913
924	891
925	944
926	928
927	926
928	907
929	887
930	919
931	891
932	961
933	867
934	907
935	961
936	935
937	860
938	947
939	970
940	927
941	962
942	963
943	909
944	950
945	942
946	981
947	920
948	882
949	951
950	909
951	914
952	978
953	924
954	991
955	971
956	935
957	959
958	968
959	922
960	995
961	907
962	980
963	970
964	975
965	931
966	894
967	964
968	918
969	976
970	899
971	1005
972	905
973	958
974	961
975	955
976	981
977	932
978	979
979	964
980	998
981	957
982	925
983	995
984	937
985	958
986	984
987	975
988	975
989	950
990	1005
991	983
992	971
993	1007
994	1007
995	975
996	994
997	922
998	989
999	958
1000	947
1001	970
1002	1000
1003	976
1004	996
1005	991
1006	939
1007	1036
1008	1010
1009	1019
1010	997
1011	1002
1012	1042
1013	980
1014	1014
1015	1013
1016	961
1017	1040
1018	948
1019	1018
1020	1016
1021	1008
1022	981
1023	1008
1024	1012
1025	999
1026	1004
1027	985
1028	988
1029	1034
1030	1018
1031	990
1032	1011
1033	1010
1034	1005
1035	1014
1036	941
1037	1051
1038	1045
1039	1032
1040	943
1041	1027
1042	1032
1043	1053
1044	1003
1045	976
1046	966
1047	1013
1048	1053
1049	1051
1050	1038
1051	1018
1052	1007
1053	938
1054	1064
1055	1095
1056	1022
1057	1049
1058	1037
1059	1022
1060	1044
1061	1045
1062	973
1063	1035
1064	995
1065	984
1066	1011
1067	1022
1068	1037
1069	994
1070	1037
1071	1034
1072	1019
1073	1100
1074	1038
1075	1036
1076	1024
1077	1062
1078	1022
1079	1069
1080	1020
1081	1112
1082	1069
1083	1054
1084	1014
1085	994
1086	1049
1087	1029
1088	1068
1089	1074
1090	1037
1091	1075
1092	1035
1093	1066
1094	1037
1095	1078
1096	1039
1097	1120
1098	1054
1099	1067
1100	1045
1101	997
1102	1035
1103	1020
1104	1017
1105	1051
1106	1112
1107	1114
1108	1053
1109	1058
1110	1010
1111	1127
1112	1047
1113	1017
1114	1108
1115	1008
1116	1071
1117	1064
1118	1027
1119	1048
1120	971
1121	1060
1122	1063
1123	1072
1124	1080
1125	1040
1126	1072
1127	1026
1128	1060
1129	1071
1130	1004
1131	1092
1132	1060
1133	1095
1134	1060
1135	1017
1136	1080
1137	1075
1138	1106
1139	1097
1140	1060
1141	1092
1142	1078
1143	1138
1144	1115
1145	1051
1146	1133
1147	1040
1148	1089
1149	1108
1150	1106
1151	1106
1152	1052
1153	1140
1154	1043
1155	1108
1156	1142
1157	1100
1158	1070
1159	1156
1160	1127
1161	1055
1162	1006
1163	1090
1164	1110
1165	1040
1166	1101
1167	1082
1168	1114
1169	1090
1170	1064
1171	1150
1172	1131
1173	1101
1174	1155
1175	1093
1176	1125
1177	1164
1178	1100
1179	1121
1180	1165
1181	1182
1182	1114
1183	1176
1184	1120
1185	1148
1186	1193
1187	1221
1188	1194
1189	1323
1190	1300
1191	1380
1192	1273
1193	1350
1194	1427
1195	1408
1196	1463
1197	1482
1198	1563
1199	1621
1200	1663
1201	1793
1202	1829
1203	1835
1204	1850
1205	2065
1206	2112
1207	2108
1208	2210
1209	2439
1210	2448
1211	2451
1212	2565
1213	2634
1214	2749
1215	2834
1216	2837
1217	3040
1218	2967
1219	3103
1220	3129
1221	3187
1222	3125
1223	3222
1224	3243
1225	3199
1226	3261
1227	3209
1228	3229
1229	3208
1230	3196
1231	3141
1232	3029
1233	3007
1234	2913
1235	2781
1236	2773
1237	2598
1238	2628
1239	2579
1240	2462
1241	2343
1242	2254
1243	2245
1244	2032
1245	2074
1246	1953
1247	1989
1248	1824
1249	1726
1250	1710
1251	1661
1252	1617
1253	1527
1254	1532
1255	1478
1256	1403
1257	1361
1258	1382
1259	1307
1260	1303
1261	1337
1262	1259
1263	1265
1264	1233
1265	1246
1266	1292
1267	1247
1268	1161
1269	1222
1270	1217
1271	1208
1272	1141
1273	1173
1274	1213
1275	1148
1276	1144
1277	1215
1278	1130
1279	1172
1280	1243
1281	1165
1282	1178
1283	1234
1284	1215
1285	1237
1286	1163
1287	1176
1288	1198
1289	1280
1290	1245
1291	1183
1292	1218
1293	1197
1294	1153
1295	1178
1296	1238
1297	1229
1298	1254
1299	1282
1300	1260
1301	1254
1302	1277
1303	1325
1304	1297
1305	1314
1306	1310
1307	1380
1308	1350
1309	1439
1310	1391
1311	1513
1312	1473
1313	1482
1314	1564
1315	1540
1316	1547
1317	1519
1318	1630
1319	1739
1320	1713
1321	1803
1322	1689
1323	1781
1324	1708
1325	1745
1326	1725
1327	1741
1328	1805
1329	1860
1330	1774
1331	1849
1332	1808
1333	1763
1334	1784
1335	1794
1336	1805
1337	1809
1338	1879
1339	1763
1340	1772
1341	1805
1342	1685
1343	1774
1344	1661
1345	1663
1346	1634
1347	1520
1348	1535
1349	1590
1350	1536
1351	1475
1352	1432
1353	1503
1354	1448
1355	1355
1356	1364
1357	1328
1358	1398
1359	1331
1360	1349
1361	1283
1362	1312
1363	1234
1364	1267
1365	1307
1366	1281
1367	1207
1368	1283
1369	1264
1370	1253
1371	1253
1372	1309
1373	1288
1374	1293
1375	1185
1376	1312
1377	1239
1378	1271
1379	1260
1380	1203
1381	1216
1382	1231
1383	1178
1384	1207
1385	1264
1386	1287
1387	1173
1388	1202
1389	1276
1390	1225
1391	1282
1392	1249
1393	1208
1394	1150
1395	1235
1396	1293
1397	1212
1398	1253
1399	1273
1400	1296
1401	1224
1402	1207
1403	1207
1404	1272
1405	1271
1406	1248
1407	1304
1408	1265
1409	1251
1410	1256
1411	1270
1412	1211
1413	1227
1414	1258
1415	1273
1416	1251
1417	1293
1418	1228
1419	1292
1420	1224
1421	1218
1422	1229
1423	1207
1424	1315
1425	1275
1426	1249
1427	1247
1428	1218
1429	1304
1430	1279
1431	1349
1432	1206
1433	1263
1434	1204
1435	1209
1436	1266
1437	1259
1438	1267
1439	1270
1440	1263
1441	1201
1442	1302
1443	1297
1444	1280
1445	1237
1446	1243
1447	1262
1448	1242
1449	1276
1450	1299
1451	1181
1452	1183
1453	1226
1454	1237
1455	1254
1456	1237
1457	1267
1458	1241
1459	1294
1460	1256
1461	1284
1462	1330
1463	1319
1464	1347
1465	1295
1466	1332
1467	1318
1468	1293
1469	1281
1470	1305
1471	1367
1472	1299
1473	1287
1474	1307
1475	1199
1476	1338
1477	1258
1478	1283
1479	1312
1480	1321
1481	1325
1482	1249
1483	1312
1484	1277
1485	1319
1486	1258
1487	1310
1488	1253
1489	1330
1490	1288
1491	1277
1492	1321
1493	1267
1494	1284
1495	1278
1496	1324
1497	1297
1498	1331
1499	1258
1500	1270
1501	1296
1502	1262
1503	1320
1504	1324
1505	1205
1506	1315
1507	1266
1508	1259
1509	1364
1510	1288
1511	1293
1512	1290
1513	1328
1514	1270
1515	1287
1516	1270
1517	1284
1518	1315
1519	1344
1520	1304
1521	1327
1522	1354
1523	1288
1524	1402
1525	1356
1526	1380
1527	1301
1528	1307
1529	1336
1530	1332
1531	1351
1532	1284
1533	1368
1534	1351
1535	1296
1536	1333
1537	1351
1538	1364
1539	1306
1540	1316
1541	1299
1542	1358
1543	1263
1544	1323
1545	1302
1546	1357
1547	1384
1548	1326
1549	1345
1550	1372
1551	1287
1552	1337
1553	1341
1554	1332
1555	1272
1556	1322
1557	1350
1558	1324
1559	1387
1560	1331
1561	1320
1562	1301
1563	1358
1564	1269
1565	1340
1566	1387
1567	1365
1568	1282
1569	1312
1570	1265
1571	1338
1572	1316
1573	1334
1574	1339
1575	1286
1576	1276
1577	1346
1578	1394
1579	1364
1580	1395
1581	1353
1582	1319
1583	1325
1584	1307
1585	1265
1586	1281
1587	1360
1588	1310
1589	1342
1590	1354
1591	1298
1592	1372
1593	1378
1594	1378
1595	1301
1596	1406
1597	1375
1598	1346
1599	1341
1600	1348
1601	1369
1602	1361
1603	1299
1604	1365
1605	1361
1606	1374
1607	1365
1608	1353
1609	1374
1610	1317
1611	1310
1612	1366
1613	1378
1614	1338
1615	1428
1616	1406
1617	1395
1618	1404
1619	1357
1620	1384
1621	1347
1622	1321
1623	1325
1624	1380
1625	1292
1626	1378
1627	1372
1628	1325
1629	1377
1630	1322
1631	1382
1632	1320
1633	1328
1634	1274
1635	1306
1636	1359
1637	1379
1638	1370
1639	1371
1640	1352
1641	1382
1642	1362
1643	1361
1644	1395
1645	1361
1646	1360
1647	1354
1648	1369
1649	1382
1650	1388
1651	1345
1652	1391
1653	1366
1654	1351
1655	1377
1656	1301
1657	1337
1658	1350
1659	1363
1660	1367
1661	1282
1662	1388
1663	1332
1664	1369
1665	1379
1666	1338
1667	1421
1668	1416
1669	1386
1670	1422
1671	1408
1672	1329
1673	1320
1674	1376
1675	1404
1676	1405
1677	1373
1678	1356
1679	1409
1680	1398
1681	1452
1682	1381
1683	1400
1684	1381
1685	1429
1686	1347
1687	1327
1688	1391
1689	1358
1690	1373
1691	1401
1692	1413
1693	1331
1694	1442
1695	1431
1696	1351
1697	1380
1698	1372
1699	1445
1700	1360
1701	1394
1702	1430
1703	1435
1704	1399
1705	1346
1706	1485
1707	1387
1708	1421
1709	1407
1710	1430
1711	1347
1712	1374
1713	1359
1714	1410
1715	1383
1716	1360
1717	1399
1718	1421
1719	1352
1720	1359
1721	1389
1722	1452
1723	1334
1724	1352
1725	1504
1726	1413
1727	1447
1728	1405
1729	1408
1730	1379
1731	1425
1732	1420
1733	1415
1734	1433
1735	1452
1736	1407
1737	1424
1738	1488
1739	1417
1740	1336
1741	1377
1742	1353
1743	1526
1744	1425
1745	1407
1746	1388
1747	1445
1748	1394
1749	1367
1750	1354
1751	1407
1752	1383
1753	1390
1754	1415
1755	1441
1756	1451
1757	1412
1758	1366
1759	1463
1760	1446
1761	1325
1762	1384
1763	1440
1764	1421
1765	1475
1766	1468
1767	1494
1768	1399
1769	1453
1770	1426
1771	1415
1772	1473
1773	1378
1774	1434
1775	1447
1776	1402
1777	1498
1778	1439
1779	1448
1780	1441
1781	1403
1782	1412
1783	1446
1784	1462
1785	1410
1786	1457
1787	1382
1788	1406
1789	1420
1790	1408
1791	1426
1792	1430
1793	1467
1794	1515
1795	1403
1796	1459
1797	1419
1798	1410
1799	1425
1800	1369
1801	1436
1802	1425
1803	1395
1804	1418
1805	1397
1806	1370
1807	1457
1808	1425
1809	1452
1810	1423
1811	1422
1812	1428
1813	1444
1814	1510
1815	1468
1816	1418
1817	1497
1818	1409
1819	1379
1820	1404
1821	1434
1822	1435
1823	1456
1824	1468
1825	1368
1826	1386
1827	1442
1828	1442
1829	1399
1830	1406
1831	1422
1832	1445
1833	1430
1834	1458
1835	1404
1836	1390
1837	1473
1838	1453
1839	1372
1840	1430
1841	1413
1842	1469
1843	1431
1844	1428
1845	1447
1846	1465
1847	1449
1848	1483
1849	1457
1850	1420
1851	1426
1852	1457
1853	1464
1854	1426
1855	1410
1856	1531
1857	1391
1858	1398
1859	1516
1860	1482
1861	1442
1862	1486
1863	1427
1864	1508
1865	1468
1866	1467
1867	1409
1868	1411
1869	1396
1870	1461
1871	1471
1872	1500
1873	1366
1874	1490
1875	1497
1876	1479
1877	1440
1878	1443
1879	1418
1880	1496
1881	1437
1882	1507
1883	1446
1884	1484
1885	1376
1886	1498
1887	1395
1888	1464
1889	1425
1890	1456
1891	1441
1892	1414
1893	1487
1894	1556
1895	1454
1896	1478
1897	1492
1898	1466
1899	1389
1900	1464
1901	1449
1902	1435
1903	1444
1904	1439
1905	1501
1906	1435
1907	1462
1908	1519
1909	1399
1910	1425
1911	1434
1912	1436
1913	1458
1914	1474
1915	1559
1916	1540
1917	1453
1918	1458
1919	1474
1920	1463
1921	1432
1922	1508
1923	1470
1924	1488
1925	1473
1926	1445
1927	1447
1928	1426
1929	1391
1930	1514
1931	1431
1932	1445
1933	1472
1934	1387
1935	1497
1936	1466
1937	1479
1938	1479
1939	1478
1940	1493
1941	1417
1942	1515
1943	1429
1944	1517
1945	1507
1946	1519
1947	1522
1948	1455
1949	1468
1950	1495
1951	1434
1952	1499
1953	1460
1954	1486
1955	1538
1956	1507
1957	1466
1958	1499
1959	1517
1960	1451
1961	1433
1962	1536
1963	1526
1964	1454
1965	1522
1966	1508
1967	1551
1968	1440
1969	1506
1970	1463
1971	1449
1972	1438
1973	1500
1974	1499
1975	1462
1976	1454
1977	1525
1978	1529
1979	1469
1980	1456
1981	1454
1982	1445
1983	1521
1984	1451
1985	1435
1986	1532
1987	1478
1988	1515
1989	1491
1990	1459
1991	1500
1992	1401
1993	1520
1994	1425
1995	1437
1996	1474
1997	1548
1998	1535
1999	1545
2000	1568
2001	1545
2002	1450
2003	1503
2004	1544
2005	1437
2006	1511
2007	1501
2008	1538
2009	1453
2010	1500
2011	1502
2012	1540
2013	1455
2014	1510
2015	1459
2016	1452
2017	1445
2018	1567
2019	1564
2020	1432
2021	1524
2022	1502
2023	1515
2024	1466
2025	1482
2026	1483
2027	1504
2028	1521
2029	1502
2030	1410
2031	1473
2032	1513
2033	1497
2034	1515
2035	1460
2036	1547
2037	1544
2038	1486
2039	1546
2040	1495
2041	1508
2042	1553
2043	1563
2044	1443
2045	1517
2046	1524
2047	1545
2048	1496
2049	1514
2050	1504
2051	1497
2052	1510
2053	1513
2054	1545
2055	1450
2056	1526
2057	1543
2058	1501
2059	1527
2060	1504
2061	1581
2062	1589
2063	1526
2064	1510
2065	1516
2066	1413
2067	1440
2068	1517
2069	1577
2070	1521
2071	1418
2072	1444
2073	1530
2074	1487
2075	1524
2076	1485
2077	1509
2078	1505
2079	1516
2080	1535
2081	1496
2082	1479
2083	1437
2084	1529
2085	1508
2086	1526
2087	1447
2088	1549
2089	1465
2090	1500
2091	1594
2092	1552
2093	1500
2094	1496
2095	1499
2096	1491
2097	1499
2098	1535
2099	1515
2100	1596
2101	1591
2102	1526
2103	1516
2104	1502
2105	1484
2106	1491
2107	1464
2108	1599
2109	1506
2110	1516
2111	1477
2112	1448
2113	1532
2114	1511
2115	1491
2116	1520
2117	1475
2118	1559
2119	1565
2120	1544
2121	1501
2122	1496
2123	1521
2124	1550
2125	1513
2126	1438
2127	1540
2128	1456
2129	1531
2130	1521
2131	1503
2132	1569
2133	1571
2134	1510
2135	1505
2136	1479
2137	1542
2138	1462
2139	1491
2140	1502
2141	1561
2142	1539
2143	1487
2144	1480
2145	1539
2146	1521
2147	1525
2148	1548
2149	1601
2150	1531
2151	1532
2152	1518
2153	1431
2154	1546
2155	1501
2156	1499
2157	1477
2158	1488
2159	1441
2160	1514
2161	1482
2162	1542
2163	1505
2164	1486
2165	1460
2166	1507
2167	1483
2168	1483
2169	1487
2170	1489
2171	1519
2172	1537
2173	1491
2174	1510
2175	1491
2176	1546
2177	1461
2178	1528
2179	1539
2180	1525
2181	1512
2182	1526
2183	1539
2184	1529
2185	1549
2186	1533
2187	1610
2188	1555
2189	1496
2190	1452
2191	1484
2192	1445
2193	1562
2194	1476
2195	1481
2196	1494
2197	1550
2198	1592
2199	1560
2200	1499
2201	1595
2202	1513
2203	1501
2204	1578
2205	1487
2206	1526
2207	1435
2208	1507
2209	1512
2210	1445
2211	1562
2212	1493
2213	1516
2214	1468
2215	1504
2216	1481
2217	1527
2218	1486
2219	1463
2220	1473
2221	1549
2222	1519
2223	1544
2224	1537
2225	1533
2226	1468
2227	1463
2228	1543
2229	1573
2230	1588
2231	1547
2232	1599
2233	1579
2234	1577
2235	1533
2236	1559
2237	1484
2238	1550
2239	1482
2240	1626
2241	1468
2242	1467
2243	1526
2244	1539
2245	1483
2246	1527
2247	1511
2248	1536
2249	1483
2250	1532
2251	1467
2252	1552
2253	1459
2254	1516
2255	1583
2256	1514
2257	1544
2258	1531
2259	1518
2260	1488
2261	1530
2262	1526
2263	1534
2264	1558
2265	1608
2266	1490
2267	1457
2268	1477
2269	1513
2270	1583
2271	1495
2272	1549
2273	1472
2274	1590
2275	1542
2276	1596
2277	1511
2278	1518
2279	1572
2280	1477
2281	1512
2282	1503
2283	1597
2284	1499
2285	1563
2286	1570
2287	1546
2288	1569
2289	1580
2290	1515
2291	1506
2292	1559
2293	1481
2294	1578
2295	1463
2296	1562
2297	1499
2298	1503
2299	1622
2300	1558
2301	1537
2302	1507
2303	1540
2304	1522
2305	1559
2306	1493
2307	1528
2308	1517
2309	1507
2310	1496
2311	1585
2312	1484
2313	1485
2314	1597
2315	1527
2316	1503
2317	1568
2318	1518
2319	1543
2320	1505
2321	1469
2322	1570
2323	1564
2324	1525
2325	1528
2326	1528
2327	1566
2328	1562
2329	1542
2330	1560
2331	1524
2332	1588
2333	1548
2334	1577
2335	1545
2336	1537
2337	1536
2338	1621
2339	1537
2340	1525
2341	1527
2342	1586
2343	1530
2344	1513
2345	1507
2346	1568
2347	1494
2348	1529
2349	1512
2350	1494
2351	1503
2352	1526
2353	1545
2354	1543
2355	1509
2356	1518
2357	1593
2358	1482
2359	1510
2360	1532
2361	1550
2362	1555
2363	1538
2364	1570
2365	1546
2366	1494
2367	1463
2368	1598
2369	1442
2370	1539
2371	1526
2372	1565
2373	1517
2374	1595
2375	1582
2376	1513
2377	1593
2378	1548
2379	1571
2380	1546
2381	1566
2382	1545
2383	1499
2384	1527
2385	1535
2386	1491
2387	1539
2388	1545
2389	1563
2390	1609
2391	1544
2392	1548
2393	1623
2394	1468
2395	1530
2396	1506
2397	1516
2398	1569
2399	1539
2400	1528
2401	1527
2402	1553
2403	1500
2404	1447
2405	1539
2406	1600
2407	1479
2408	1491
2409	1514
2410	1486
2411	1551
2412	1536
2413	1549
2414	1557
2415	1512
2416	1538
2417	1509
2418	1601
2419	1612
2420	1547
2421	1511
2422	1488
2423	1548
2424	1579
2425	1511
2426	1522
2427	1548
2428	1482
2429	1566
2430	1610
2431	1479
2432	1507
2433	1551
2434	1502
2435	1597
2436	1632
2437	1470
2438	1516
2439	1571
2440	1514
2441	1524
2442	1525
2443	1540
2444	1470
2445	1565
2446	1538
2447	1496
2448	1515
2449	1542
2450	1508
2451	1559
2452	1480
2453	1598
2454	1468
2455	1479
2456	1538
2457	1494
2458	1580
2459	1503
2460	1503
2461	1521
2462	1489
2463	1516
2464	1524
2465	1532
2466	1586
2467	1477
2468	1535
2469	1543
2470	1526
2471	1575
2472	1574
2473	1503
2474	1633
2475	1543
2476	1488
2477	1557
2478	1496
2479	1591
2480	1541
2481	1555
2482	1529
2483	1523
2484	1501
2485	1575
2486	1518
2487	1555
2488	1544
2489	1502
2490	1552
2491	1495
2492	1552
2493	1533
2494	1507
2495	1514
2496	1564
2497	1547
2498	1495
2499	1568
2500	1558
2501	1499
2502	1558
2503	1510
2504	1531
2505	1553
2506	1517
2507	1525
2508	1491
2509	1467
2510	1524
2511	1518
2512	1514
2513	1498
2514	1534
2515	1539
2516	1537
2517	1497
2518	1551
2519	1519
2520	1520
2521	1474
2522	1575
2523	1505
2524	1470
2525	1509
2526	1555
2527	1507
2528	1575
2529	1532
2530	1577
2531	1568
2532	1473
2533	1512
2534	1517
2535	1523
2536	1564
2537	1497
2538	1550
2539	1525
2540	1506
2541	1526
2542	1490
2543	1464
2544	1550
2545	1567
2546	1604
2547	1488
2548	1578
2549	1535
2550	1550
2551	1611
2552	1575
2553	1509
2554	1557
2555	1462
2556	1513
2557	1491
2558	1531
2559	1470
2560	1517
2561	1563
2562	1516
2563	1516
2564	1575
2565	1449
2566	1510
2567	1524
2568	1529
2569	1503
2570	1530
2571	1517
2572	1476
2573	1566
2574	1530
2575	1561
2576	1524
2577	1578
2578	1507
2579	1503
2580	1503
2581	1547
2582	1612
2583	1547
2584	1522
2585	1541
2586	1504
2587	1595
2588	1541
2589	1563
2590	1444
2591	1528
2592	1601
2593	1554
2594	1590
2595	1469
2596	1462
2597	1491
2598	1522
2599	1584
2600	1490
2601	1556
2602	1521
2603	1533
2604	1538
2605	1497
2606	1447
2607	1545
2608	1528
2609	1551
2610	1593
2611	1535
2612	1612
2613	1505
2614	1497
2615	1529
2616	1510
2617	1562
2618	1547
2619	1554
2620	1492
2621	1425
2622	1535
2623	1489
2624	1472
2625	1568
2626	1533
2627	1489
2628	1558
2629	1505
2630	1537
2631	1454
2632	1463
2633	1530
2634	1517
2635	1483
2636	1475
2637	1517
2638	1491
2639	1525
2640	1513
2641	1492
2642	1543
2643	1457
2644	1490
2645	1502
2646	1514
2647	1491
2648	1514
2649	1496
2650	1478
2651	1558
2652	1508
2653	1503
2654	1457
2655	1497
2656	1528
2657	1422
2658	1541
2659	1454
2660	1533
2661	1494
2662	1606
2663	1525
2664	1452
2665	1524
2666	1448
2667	1504
2668	1458
2669	1519
2670	1526
2671	1528
2672	1490
2673	1437
2674	1498
2675	1469
2676	1479
2677	1570
2678	1454
2679	1489
2680	1589
2681	1507
2682	1558
2683	1558
2684	1463
2685	1468
2686	1522
2687	1446
2688	1514
2689	1487
2690	1480
2691	1484
2692	1512
2693	1475
2694	1480
2695	1464
2696	1506
2697	1468
2698	1503
2699	1459
2700	1513
2701	1449
2702	1521
2703	1386
2704	1515
2705	1501
2706	1506
2707	1534
2708	1532
2709	1461
2710	1542
2711	1517
2712	1514
2713	1429
2714	1471
2715	1523
2716	1527
2717	1500
2718	1444
2719	1451
2720	1426
2721	1513
2722	1438
2723	1537
2724	1516
2725	1521
2726	1473
2727	1531
2728	1549
2729	1448
2730	1481
2731	1536
2732	1478
2733	1464
2734	1433
2735	1467
2736	1510
2737	1507
2738	1505
2739	1431
2740	1493
2741	1513
2742	1467
2743	1487
2744	1459
2745	1488
2746	1505
2747	1519
2748	1543
2749	1549
2750	1455
2751	1484
2752	1432
2753	1413
2754	1448
2755	1543
2756	1522
2757	1521
2758	1471
2759	1447
2760	1473
2761	1490
2762	1438
2763	1471
2764	1380
2765	1522
2766	1417
2767	1457
2768	1552
2769	1483
2770	1407
2771	1491
2772	1486
2773	1548
2774	1484
2775	1468
2776	1535
2777	1445
2778	1419
2779	1489
2780	1454
2781	1431
2782	1517
2783	1498
2784	1454
2785	1521
2786	1511
2787	1474
2788	1448
2789	1467
2790	1442
2791	1573
2792	1477
2793	1530
2794	1438
2795	1485
2796	1405
2797	1474
2798	1482
2799	1496
2800	1487
2801	1517
2802	1502
2803	1424
2804	1422
2805	1475
2806	1478
2807	1460
2808	1445
2809	1446
2810	1434
2811	1437
2812	1462
2813	1480
2814	1488
2815	1435
2816	1499
2817	1540
2818	1445
2819	1513
2820	1418
2821	1509
2822	1507
2823	1463
2824	1464
2825	1429
2826	1484
2827	1431
2828	1443
2829	1489
2830	1440
2831	1483
2832	1446
2833	1412
2834	1466
2835	1445
2836	1450
2837	1473
2838	1467
2839	1440
2840	1497
2841	1465
2842	1524
2843	1471
2844	1480
2845	1478
2846	1482
2847	1495
2848	1442
2849	1487
2850	1473
2851	1496
2852	1502
2853	1446
2854	1462
2855	1475
2856	1458
2857	1467
2858	1448
2859	1468
2860	1494
2861	1449
2862	1481
2863	1378
2864	1492
2865	1496
2866	1433
2867	1400
2868	1465
2869	1478
2870	1562
2871	1401
2872	1476
2873	1444
2874	1460
2875	1447
2876	1527
2877	1441
2878	1425
2879	1420
2880	1485
2881	1451
2882	1438
2883	1483
2884	1480
2885	1413
2886	1533
2887	1492
2888	1416
2889	1498
2890	1449
2891	1445
2892	1466
2893	1461
2894	1426
2895	1409
2896	1456
2897	1403
2898	1491
2899	1499
2900	1426
2901	1468
2902	1430
2903	1447
2904	1440
2905	1512
2906	1435
2907	1493
2908	1388
2909	1454
2910	1471
2911	1458
2912	1377
2913	1429
2914	1437
2915	1461
2916	1466
2917	1438
2918	1466
2919	1327
2920	1439
2921	1416
2922	1478
2923	1475
2924	1448
2925	1358
2926	1416
2927	1396
2928	1459
2929	1334
2930	1471
2931	1389
2932	1426
2933	1463
2934	1419
2935	1442
2936	1421
2937	1394
2938	1413
2939	1386
2940	1473
2941	1383
2942	1506
2943	1442
2944	1440
2945	1453
2946	1486
2947	1445
2948	1406
2949	1372
2950	1431
2951	1393
2952	1337
2953	1385
2954	1423
2955	1372
2956	1426
2957	1457
2958	1437
2959	1352
2960	1456
2961	1432
2962	1461
2963	1399
2964	1415
2965	1404
2966	1431
2967	1355
2968	1470
2969	1438
2970	1451
2971	1360
2972	1496
2973	1474
2974	1452
2975	1404
2976	1378
2977	1459
2978	1481
2979	1444
2980	1413
2981	1348
2982	1422
2983	1496
2984	1387
2985	1393
2986	1402
2987	1396
2988	1429
2989	1418
2990	1425
2991	1413
2992	1406
2993	1456
2994	1376
2995	1475
2996	1309
2997	1385
2998	1393
2999	1423
3000	1474
3001	1435
3002	1376
3003	1425
3004	1376
3005	1407
3006	1416
3007	1397
3008	1393
3009	1390
3010	1459
3011	1427
3012	1324
3013	1426
3014	1436
3015	1409
3016	1438
3017	1425
3018	1452
3019	1469
3020	1439
3021	1418
3022	1493
3023	1411
3024	1412
3025	1453
3026	1395
3027	1444
3028	1391
3029	1457
3030	1354
3031	1447
3032	1379
3033	1416
3034	1428
3035	1372
3036	1395
3037	1344
3038	1343
3039	1366
3040	1423
3041	1395
3042	1376
3043	1448
3044	1379
3045	1491
3046	1429
3047	1410
3048	1359
3049	1423
3050	1425
3051	1404
3052	1364
3053	1432
3054	1382
3055	1430
3056	1436
3057	1320
3058	1401
3059	1450
3060	1360
3061	1374
3062	1414
3063	1371
3064	1411
3065	1378
3066	1453
3067	1361
3068	1409
3069	1317
3070	1431
3071	1367
3072	1386
3073	1398
3074	1432
3075	1430
3076	1406
3077	1391
3078	1382
3079	1395
3080	1291
3081	1341
3082	1407
3083	1394
3084	1396
3085	1437
3086	1377
3087	1415
3088	1408
3089	1410
3090	1354
3091	1339
3092	1330
3093	1326
3094	1335
3095	1422
3096	1391
3097	1312
3098	1308
3099	1427
3100	1398
3101	1340
3102	1348
3103	1395
3104	1381
3105	1383
3106	1385
3107	1365
3108	1394
3109	1420
3110	1354
3111	1334
3112	1376
3113	1407
3114	1396
3115	1349
3116	1410
3117	1365
3118	1354
3119	1298
3120	1368
3121	1315
3122	1367
3123	1387
3124	1388
3125	1372
3126	1407
3127	1340
3128	1390
3129	1369
3130	1364
3131	1284
3132	1349
3133	1332
3134	1371
3135	1339
3136	1403
3137	1311
3138	1372
3139	1393
3140	1406
3141	1361
3142	1407
3143	1389
3144	1325
3145	1391
3146	1323
3147	1381
3148	1387
3149	1382
3150	1350
3151	1270
3152	1305
3153	1328
3154	1328
3155	1352
3156	1360
3157	1371
3158	1310
3159	1375
3160	1368
3161	1314
3162	1377
3163	1379
3164	1375
3165	1333
3166	1294
3167	1327
3168	1318
3169	1353
3170	1325
3171	1276
3172	1376
3173	1372
3174	1420
3175	1401
3176	1306
3177	1316
3178	1346
3179	1356
3180	1396
3181	1359
3182	1404
3183	1402
3184	1258
3185	1294
3186	1294
3187	1346
3188	1348
3189	1370
3190	1393
3191	1307
3192	1326
3193	1396
3194	1389
3195	1375
3196	1386
3197	1380
3198	1320
3199	1283
3200	1283
3201	1318
3202	1339
3203	1328
3204	1342
3205	1383
3206	1281
3207	1334
3208	1266
3209	1307
3210	1304
3211	1301
3212	1295
3213	1347
3214	1275
3215	1269
3216	1271
3217	1332
3218	1281
3219	1306
3220	1359
3221	1320
3222	1333
3223	1342
3224	1365
3225	1319
3226	1354
3227	1330
3228	1320
3229	1236
3230	1263
3231	1332
3232	1340
3233	1344
3234	1315
3235	1220
3236	1362
3237	1306
3238	1246
3239	1299
3240	1256
3241	1302
3242	1310
3243	1301
3244	1308
3245	1301
3246	1326
3247	1330
3248	1274
3249	1387
3250	1308
3251	1321
3252	1306
3253	1343
3254	1281
3255	1316
3256	1257
3257	1312
3258	1340
3259	1323
3260	1264
3261	1332
3262	1311
3263	1325
3264	1234
3265	1291
3266	1290
3267	1315
3268	1333
3269	1305
3270	1337
3271	1319
3272	1241
3273	1326
3274	1245
3275	1305
3276	1288
3277	1261
3278	1334
3279	1282
3280	1359
3281	1282
3282	1277
3283	1307
3284	1285
3285	1269
3286	1335
3287	1310
3288	1312
3289	1199
3290	1261
3291	1317
3292	1299
3293	1316
3294	1294
3295	1303
3296	1339
3297	1291
3298	1287
3299	1299
3300	1258
3301	1277
3302	1202
3303	1293
3304	1242
3305	1243
3306	1280
3307	1233
3308	1263
3309	1269
3310	1202
3311	1248
3312	1259
3313	1265
3314	1278
3315	1316
3316	1277
3317	1273
3318	1333
3319	1170
3320	1271
3321	1243
3322	1302
3323	1278
3324	1301
3325	1236
3326	1253
3327	1245
3328	1222
3329	1216
3330	1232
3331	1215
3332	1221
3333	1248
3334	1339
3335	1301
3336	1315
3337	1227
3338	1267
3339	1226
3340	1285
3341	1259
3342	1268
3343	1301
3344	1286
3345	1260
3346	1255
3347	1287
3348	1296
3349	1264
3350	1290
3351	1281
3352	1264
3353	1285
3354	1220
3355	1260
3356	1194
3357	1210
3358	1292
3359	1246
3360	1271
3361	1281
3362	1226
3363	1256
3364	1234
3365	1213
3366	1299
3367	1237
3368	1237
3369	1281
3370	1228
3371	1248
3372	1269
3373	1251
3374	1247
3375	1243
3376	1181
3377	1246
3378	1255
3379	1215
3380	1222
3381	1257
3382	1276
3383	1230
3384	1208
3385	1267
3386	1231
3387	1215
3388	1271
3389	1243
3390	1245
3391	1218
3392	1226
3393	1229
3394	1267
3395	1180
3396	1241
3397	1229
3398	1204
3399	1201
3400	1243
3401	1212
3402	1242
3403	1237
3404	1213
3405	1213
3406	1226
3407	1181
3408	1147
3409	1238
3410	1215
3411	1212
3412	1230
3413	1158
3414	1240
3415	1272
3416	1122
3417	1215
3418	1206
3419	1198
3420	1220
3421	1202
3422	1168
3423	1219
3424	1180
3425	1154
3426	1183
3427	1209
3428	1194
3429	1231
3430	1157
3431	1241
3432	1218
3433	1241
3434	1259
3435	1189
3436	1185
3437	1160
3438	1167
3439	1210
3440	1160
3441	1150
3442	1182
3443	1226
3444	1213
3445	1216
3446	1201
3447	1195
3448	1215
3449	1172
3450	1202
3451	1162
3452	1219
3453	1226
3454	1153
3455	1181
3456	1152
3457	1167
3458	1246
3459	1177
3460	1166
3461	1241
3462	1168
3463	1177
3464	1092
3465	1163
3466	1211
3467	1175
3468	1102
3469	1178
3470	1173
3471	1242
3472	1170
3473	1182
3474	1126
3475	1183
3476	1173
3477	1129
3478	1162
3479	1145
3480	1165
3481	1132
3482	1156
3483	1162
3484	1231
3485	1185
3486	1201
3487	1184
3488	1164
3489	1143
3490	1225
3491	1145
3492	1200
3493	1217
3494	1171
3495	1187
3496	1175
3497	1174
3498	1081
3499	1197
3500	1116
3501	1202
3502	1169
3503	1140
3504	1189
3505	1151
3506	1159
3507	1185
3508	1155
3509	1260
3510	1199
3511	1164
3512	1214
3513	1276
3514	1257
3515	1229
3516	1310
3517	1302
3518	1274
3519	1346
3520	1368
3521	1385
3522	1360
3523	1403
3524	1494
3525	1538
3526	1576
3527	1607
3528	1667
3529	1686
3530	1806
3531	1898
3532	1981
3533	2067
3534	2100
3535	2167
3536	2215
3537	2316
3538	2375
3539	2493
3540	2566
3541	2616
3542	2723
3543	2804
3544	2857
3545	2955
3546	3026
3547	3024
3548	3126
3549	3147
3550	3236
3551	3108
3552	3196
3553	3247
3554	3192
3555	3278
3556	3307
3557	3191
3558	3096
3559	3110
3560	3092
3561	3002
3562	2925
3563	2979
3564	2824
3565	2727
3566	2627
3567	2467
3568	2450
3569	2428
3570	2333
3571	2190
3572	2136
3573	2040
3574	2053
3575	1952
3576	1820
3577	1779
3578	1735
3579	1661
3580	1547
3581	1503
3582	1469
3583	1467
3584	1390
3585	1357
3586	1362
3587	1281
3588	1275
3589	1232
3590	1234
3591	1232
3592	1155
3593	1181
3594	1119
3595	1117
3596	1053
3597	1133
3598	1146
3599	1099
3600	1087
3601	1168
3602	1112
3603	1083
3604	1079
3605	1161
3606	1134
3607	1105
3608	1128
3609	1084
3610	1097
3611	1076
3612	1036
3613	1037
3614	1072
3615	1098
3616	1146
3617	1076
3618	1108
3619	1130
3620	1128
3621	1142
3622	1164
3623	1117
3624	1157
3625	1171
3626	1116
3627	1117
3628	1119
3629	1161
3630	1149
3631	1117
3632	1104
3633	1137
3634	1225
3635	1277
3636	1238
3637	1260
3638	1307
3639	1258
3640	1371
3641	1319
3642	1388
3643	1524
3644	1429
3645	1444
3646	1453
3647	1489
3648	1510
3649	1536
3650	1559
3651	1480
3652	1636
3653	1657
3654	1600
3655	1600
3656	1646
3657	1659
3658	1648
3659	1678
3660	1691
3661	1693
3662	1632
3663	1628
3664	1648
3665	1599
3666	1549
3667	1606
3668	1619
3669	1517
3670	1514
3671	1587
3672	1463
3673	1408
3674	1482
3675	1386
3676	1473
3677	1387
3678	1334
3679	1367
3680	1307
3681	1321
3682	1255
3683	1229
3684	1236
3685	1198
3686	1191
3687	1166
3688	1124
3689	1205
3690	1085
3691	1094
3692	1113
3693	1120
3694	1108
3695	1053
3696	1080
3697	1053
3698	1126
3699	1108
3700	1032
3701	1032
3702	1042
3703	1047
3704	1030
3705	1039
3706	1010
3707	996
3708	1066
3709	1026
3710	1021
3711	1057
3712	960
3713	1003
3714	991
3715	1002
3716	998
3717	985
3718	1024
3719	1046
3720	1053
3721	995
3722	1013
3723	1022
3724	992
3725	981
3726	1020
3727	998
3728	976
3729	969
3730	1004
3731	952
3732	1014
3733	1070
3734	1015
3735	1014
3736	1048
3737	898
3738	993
3739	1090
3740	997
3741	1037
3742	1035
3743	991
3744	1020
3745	955
3746	1002
3747	1020
3748	1056
3749	971
3750	968
3751	973
3752	1034
3753	968
3754	924
3755	937
3756	991
3757	965
3758	968
3759	977
3760	924
3761	924
3762	966
3763	1011
3764	921
3765	1062
3766	1011
3767	1009
3768	986
3769	972
3770	1045
3771	981
3772	1036
3773	951
3774	995
3775	976
3776	947
3777	953
3778	973
3779	904
3780	971
3781	947
3782	980
3783	932
3784	1052
3785	981
3786	957
3787	997
3788	973
3789	984
3790	987
3791	1005
3792	917
3793	962
3794	984
3795	938
3796	964
3797	944
3798	893
3799	930
3800	950
3801	964
3802	974
3803	945
3804	965
3805	963
3806	901
3807	938
3808	978
3809	939
3810	939
3811	914
3812	905
3813	985
3814	970
3815	901
3816	963
3817	973
3818	982
3819	934
3820	961
3821	965
3822	959
3823	901
3824	937
3825	991
3826	927
3827	986
3828	932
3829	949
3830	928
3831	942
3832	895
3833	931
3834	915
3835	936
3836	918
3837	925
3838	918
3839	858
3840	908
3841	967
3842	938
3843	927
3844	967
3845	913
3846	876
3847	888
3848	967
3849	923
3850	878
3851	976
3852	939
3853	919
3854	956
3855	912
3856	865
3857	938
3858	913
3859	899
3860	882
3861	903
3862	882
3863	914
3864	949
3865	906
3866	939
3867	920
3868	901
3869	840
3870	957
3871	917
3872	836
3873	926
3874	926
3875	915
3876	901
3877	897
3878	869
3879	927
3880	929
3881	893
3882	843
3883	919
3884	824
3885	904
3886	856
3887	881
3888	894
3889	913
3890	868
3891	882
3892	887
3893	865
3894	872
3895	872
3896	868
3897	911
3898	863
3899	879
3900	862
3901	863
3902	897
3903	852
3904	880
3905	909
3906	857
3907	876
3908	911
3909	904
3910	877
3911	865
3912	899
3913	864
3914	894
3915	914
3916	857
3917	896
3918	894
3919	875
3920	934
3921	877
3922	838
3923	890
3924	833
3925	876
3926	881
3927	852
3928	875
3929	881
3930	865
3931	872
3932	909
3933	857
3934	868
3935	816
3936	828
3937	858
3938	856
3939	862
3940	896
3941	863
3942	817
3943	862
3944	855
3945	814
3946	842
3947	891
3948	798
3949	860
3950	827
3951	898
3952	811
3953	901
3954	885
3955	868
3956	838
3957	813
3958	835
3959	795
3960	853
3961	838
3962	833
3963	821
3964	813
3965	814
3966	855
3967	843
3968	854
3969	837
3970	780
3971	841
3972	747
3973	826
3974	836
3975	781
3976	834
3977	797
3978	837
3979	842
3980	769
3981	831
3982	862
3983	806
3984	781
3985	853
3986	848
3987	826
3988	815
3989	828
3990	790
3991	821
3992	776
3993	859
3994	818
3995	805
3996	800
3997	778
3998	810
3999	712
4000	833
4001	830
4002	817
4003	831
4004	827
4005	841
4006	787
4007	798
4008	834
4009	804
4010	824
4011	785
4012	837
4013	820
4014	738
4015	747
4016	779
4017	819
4018	765
4019	809
4020	819
4021	828
4022	841
4023	792
4024	817
4025	808
4026	800
4027	742
4028	750
4029	824
4030	835
4031	796
4032	828
4033	811
4034	791
4035	737
4036	751
4037	797
4038	786
4039	793
4040	829
4041	718
4042	773
4043	783
4044	813
4045	782
4046	786
4047	777
4048	779
4049	726
4050	750
4051	731
4052	705
4053	777
4054	757
4055	760
4056	713
4057	742
4058	748
4059	753
4060	723
4061	774
4062	791
4063	834
4064	787
4065	744
4066	780
4067	714
4068	758
4069	763
4070	714
4071	717
4072	802
4073	796
4074	786
4075	723
4076	770
4077	761
4078	735
4079	753
4080	734
4081	754
4082	744
4083	714
4084	749
4085	726
4086	756
4087	752
4088	728
4089	783
4090	716
4091	779
4092	714
4093	772
4094	740
4095	745
4096	736
4097	737
4098	733
4099	741
4100	751
4101	651
4102	693
4103	762
4104	714
4105	729
4106	721
4107	697
4108	758
4109	775
4110	716
4111	737
4112	744
4113	726
4114	706
4115	753
4116	758
4117	733
4118	768
4119	729
4120	709
4121	689
4122	742
4123	727
4124	727
4125	702
4126	703
4127	735
4128	699
4129	716
4130	720
4131	710
4132	701
4133	690
4134	715
4135	689
4136	720
4137	711
4138	703
4139	750
4140	697
4141	719
4142	655
4143	738
4144	693
4145	676
4146	694
4147	674
4148	679
4149	693
4150	717
4151	678
4152	720
4153	721
4154	728
4155	681
4156	710
4157	656
4158	692
4159	724
4160	682
4161	676
4162	697
4163	711
4164	687
4165	677
4166	730
4167	668
4168	703
4169	693
4170	640
4171	715
4172	643
4173	657
4174	652
4175	697
4176	654
4177	651
4178	697
4179	665
4180	656
4181	685
4182	624
4183	649
4184	702
4185	644
4186	649
4187	675
4188	709
4189	596
4190	651
4191	671
4192	665
4193	660
4194	668
4195	678
4196	671
4197	645
4198	678
4199	626
4200	705
4201	631
4202	676
4203	616
4204	669
4205	657
4206	672
4207	646
4208	654
4209	641
4210	661
4211	659
4212	636
4213	621
4214	687
4215	661
4216	669
4217	625
4218	632
4219	608
4220	693
4221	666
4222	646
4223	683
4224	654
4225	582
4226	658
4227	660
4228	646
4229	626
4230	618
4231	609
4232	629
4233	657
4234	639
4235	594
4236	674
4237	620
4238	636
4239	582
4240	647
4241	613
4242	599
4243	638
4244	600
4245	597
4246	604
4247	633
4248	613
4249	650
4250	640
4251	650
4252	606
4253	698
4254	617
4255	631
4256	622
4257	630
4258	627
4259	592
4260	652
4261	622
4262	601
4263	595
4264	652
4265	598
4266	610
4267	633
4268	608
4269	643
4270	626
4271	590
4272	606
4273	600
4274	627
4275	630
4276	593
4277	621
4278	578
4279	620
4280	627
4281	556
4282	576
4283	564
4284	646
4285	590
4286	556
4287	570
4288	600
4289	602
4290	590
4291	561
4292	577
4293	587
4294	552
4295	579
4296	628
4297	575
4298	590
4299	567
4300	569
4301	573
4302	601
4303	573
4304	519
4305	594
4306	578
4307	607
4308	569
4309	601
4310	558
4311	552
4312	623
4313	534
4314	606
4315	606
4316	588
4317	567
4318	554
4319	547
4320	569
4321	552
4322	607
4323	594
4324	515
4325	552
4326	558
4327	536
4328	601
4329	570
4330	504
4331	557
4332	553
4333	547
4334	548
4335	550
4336	545
4337	563
4338	513
4339	555
4340	583
4341	551
4342	554
4343	604
4344	548
4345	528
4346	556
4347	572
4348	565
4349	537
4350	547
4351	546
4352	522
4353	513
4354	539
4355	532
4356	549
4357	559
4358	585
4359	516
4360	525
4361	522
4362	558
4363	504
4364	571
4365	500
4366	513
4367	511
4368	546
4369	522
4370	545
4371	528
4372	526
4373	520
4374	490
4375	531
4376	533
4377	539
4378	501
4379	545
4380	535
4381	521
4382	524
4383	519
4384	473
4385	497
4386	554
4387	505
4388	489
4389	485
4390	503
4391	486
4392	519
4393	524
4394	508
4395	497
4396	514
4397	523
4398	496
4399	493
4400	511
4401	508
4402	504
4403	513
4404	494
4405	491
4406	489
4407	558
4408	496
4409	512
4410	509
4411	467
4412	500
4413	523
4414	495
4415	517
4416	498
4417	513
4418	487
4419	465
4420	454
4421	458
4422	502
4423	489
4424	480
4425	513
4426	471
4427	510
4428	504
4429	498
4430	474
4431	465
4432	486
4433	473
4434	471
4435	483
4436	494
4437	455
4438	481
4439	447
4440	456
4441	456
4442	453
4443	444
4444	474
4445	491
4446	474
4447	491
4448	424
4449	460
4450	490
4451	487
4452	440
4453	452
4454	439
4455	469
4456	429
4457	495
4458	498
4459	489
4460	439
4461	446
4462	481
4463	498
4464	486
4465	453
4466	464
4467	441
4468	431
4469	450
4470	477
4471	402
4472	464
4473	427
4474	422
4475	432
4476	487
4477	491
4478	431
4479	463
4480	458
4481	423
4482	428
4483	443
4484	456
4485	455
4486	433
4487	438
4488	407
4489	443
4490	427
4491	431
4492	426
4493	433
4494	432
4495	434
4496	442
4497	413
4498	417
4499	445
4500	431
4501	455
4502	434
4503	445
4504	418
4505	407
4506	461
4507	435
4508	450
4509	417
4510	423
4511	422
4512	418
4513	417
4514	457
4515	402
4516	410
4517	420
4518	412
4519	424
4520	442
4521	401
4522	402
4523	386
4524	451
4525	429
4526	379
4527	414
4528	411
4529	391
4530	397
4531	398
4532	426
4533	389
4534	349
4535	405
4536	430
4537	383
4538	404
4539	353
4540	419
4541	379
4542	385
4543	403
4544	407
4545	393
4546	406
4547	412
4548	367
4549	406
4550	383
4551	418
4552	389
4553	377
4554	401
4555	354
4556	420
4557	354
4558	420
4559	384
4560	386
4561	397
4562	377
4563	380
4564	387
4565	384
4566	407
4567	359
4568	397
4569	375
4570	378
4571	365
4572	370
4573	369
4574	375
4575	394
4576	368
4577	358
4578	376
4579	394
4580	401
4581	368
4582	383
4583	399
4584	374
4585	413
4586	385
4587	393
4588	333
4589	360
4590	372
4591	358
4592	372
4593	389
4594	368
4595	349
4596	338
4597	377
4598	374
4599	345
4600	352
4601	376
4602	368
4603	365
4604	373
4605	347
4606	356
4607	345
4608	337
4609	326
4610	379
4611	350
4612	335
4613	345
4614	363
4615	359
4616	352
4617	350
4618	362
4619	326
4620	330
4621	332
4622	342
4623	331
4624	370
4625	317
4626	339
4627	359
4628	331
4629	354
4630	338
4631	377
4632	338
4633	373
4634	320
4635	341
4636	331
4637	348
4638	316
4639	315
4640	364
4641	338
4642	283
4643	342
4644	325
4645	330
4646	343
4647	340
4648	305
4649	320
4650	327
4651	297
4652	331
4653	330
4654	314
4655	326
4656	287
4657	295
4658	312
4659	334
4660	320
4661	316
4662	284
4663	343
4664	332
4665	326
4666	298
4667	290
4668	305
4669	316
4670	303
4671	332
4672	332
4673	301
4674	269
4675	315
4676	299
4677	299
4678	291
4679	299
4680	318
4681	304
4682	293
4683	317
4684	307
4685	284
4686	291
4687	310
4688	292
4689	322
4690	288
4691	305
4692	348
4693	274
4694	291
4695	261
4696	307
4697	306
4698	316
4699	326
4700	299
4701	288
4702	280
4703	295
4704	289
4705	296
4706	332
4707	304
4708	281
4709	286
4710	270
4711	285
4712	261
4713	282
4714	291
4715	296
4716	309
4717	264
4718	238
4719	320
4720	270
4721	282
4722	295
4723	267
4724	316
4725	285
4726	280
4727	267
4728	270
4729	254
4730	268
4731	272
4732	268
4733	279
4734	267
4735	277
4736	258
4737	269
4738	286
4739	301
4740	274
4741	265
4742	256
4743	256
4744	259
4745	259
4746	268
4747	250
4748	267
4749	265
4750	256
4751	256
4752	265
4753	273
4754	275
4755	247
4756	263
4757	255
4758	253
4759	266
4760	250
4761	270
4762	261
4763	259
4764	257
4765	248
4766	280
4767	253
4768	252
4769	274
4770	304
4771	245
4772	256
4773	252
4774	250
4775	243
4776	232
4777	224
4778	267
4779	247
4780	230
4781	229
4782	254
4783	261
4784	235
4785	208
4786	250
4787	210
4788	248
4789	244
4790	234
4791	214
4792	229
4793	240
4794	226
4795	249
4796	236
4797	239
4798	258
4799	223
4800	263
4801	194
4802	216
4803	232
4804	228
4805	221
4806	229
4807	200
4808	235
4809	210
4810	229
4811	217
4812	196
4813	211
4814	215
4815	237
4816	210
4817	234
4818	202
4819	224
4820	206
4821	214
4822	203
4823	205
4824	191
4825	217
4826	245
4827	210
4828	221
4829	184
4830	207
4831	224
4832	199
4833	189
4834	186
4835	197
4836	207
4837	214
4838	214
4839	210
4840	213
4841	183
4842	194
4843	188
4844	216
4845	224
4846	206
4847	194
4848	179
4849	204
4850	197
4851	210
4852	233
4853	217
4854	191
4855	204
4856	203
4857	184
4858	227
4859	185
4860	201
4861	207
4862	208
4863	199
4864	198
4865	188
4866	170
4867	176
4868	196
4869	189
4870	192
4871	199
4872	183
4873	176
4874	190
4875	188
4876	213
4877	182
4878	187
4879	200
4880	181
4881	146
4882	201
4883	195
4884	197
4885	203
4886	200
4887	180
4888	188
4889	190
4890	190
4891	184
4892	166
4893	175
4894	177
4895	167
4896	161
4897	181
4898	158
4899	176
4900	168
4901	183
4902	166
4903	189
4904	146
4905	168
4906	175
4907	176
4908	176
4909	147
4910	167
4911	163
4912	176
4913	160
4914	177
4915	172
4916	150
4917	172
4918	165
4919	152
4920	170
4921	156
4922	156
4923	168
4924	163
4925	153
4926	176
4927	187
4928	158
4929	166
4930	149
4931	144
4932	157
4933	162
4934	150
4935	165
4936	137
4937	159
4938	140
4939	151
4940	167
4941	163
4942	164
4943	151
4944	157
4945	146
4946	146
4947	158
4948	137
4949	150
4950	134
4951	142
4952	148
4953	178
4954	133
4955	146
4956	140
4957	149
4958	147
4959	142
4960	148
4961	147
4962	141
4963	148
4964	127
4965	128
4966	139
4967	124
4968	125
4969	125
4970	141
4971	133
4972	134
4973	130
4974	136
4975	153
4976	132
4977	124
4978	141
4979	95
4980	126
4981	126
4982	135
4983	95
4984	148
4985	120
4986	134
4987	128
4988	139
4989	112
4990	110
4991	121
4992	114
4993	131
4994	127
4995	139
4996	116
4997	128
4998	135
4999	132
5000	126
5001	104
5002	127
5003	130
5004	131
5005	142
5006	125
5007	95
5008	129
5009	109
5010	118
5011	102
5012	123
5013	128
5014	105
5015	129
5016	114
5017	110
5018	125
5019	96
5020	106
5021	106
5022	109
5023	116
5024	111
5025	132
5026	118
5027	110
5028	111
5029	114
5030	106
5031	124
5032	119
5033	120
5034	96
5035	114
5036	107
5037	94
5038	114
5039	98
5040	112
5041	114
5042	112
5043	106
5044	100
5045	93
5046	114
5047	102
5048	103
5049	97
5050	110
5051	78
5052	89
5053	104
5054	105
5055	97
5056	98
5057	96
5058	90
5059	106
5060	93
5061	91
5062	83
5063	85
5064	88
5065	91
5066	101
5067	100
5068	90
5069	104
5070	103
5071	81
5072	93
5073	104
5074	94
5075	99
5076	99
5077	92
5078	84
5079	95
5080	84
5081	89
5082	73
5083	83
5084	78
5085	84
5086	81
5087	88
5088	77
5089	88
5090	78
5091	71
5092	77
5093	78
5094	88
5095	72
5096	90
5097	80
5098	80
5099	77
5100	74
5101	94
5102	72
5103	67
5104	88
5105	68
5106	66
5107	58
5108	87
5109	74
5110	84
5111	78
5112	70
5113	69
5114	93
5115	72
5116	81
5117	65
5118	74
5119	60
5120	79
5121	82
5122	64
5123	72
5124	71
5125	58
5126	75
5127	72
5128	62
5129	56
5130	61
5131	65
5132	71
5133	64
5134	60
5135	76
5136	68
5137	61
5138	70
5139	56
5140	68
5141	66
5142	60
5143	69
5144	65
5145	63
5146	78
5147	50
5148	57
5149	40
5150	65
5151	69
5152	64
5153	54
5154	53
5155	56
5156	48
5157	49
5158	43
5159	64
5160	58
5161	55
5162	52
5163	50
5164	48
5165	57
5166	53
5167	54
5168	49
5169	50
5170	55
5171	50
5172	57
5173	72
5174	61
5175	52
5176	55
5177	37
5178	61
5179	60
5180	49
5181	43
5182	67
5183	49
5184	48
5185	46
5186	41
5187	46
5188	40
5189	58
5190	36
5191	52
5192	43
5193	41
5194	44
5195	39
5196	54
5197	47
5198	48
5199	43
5200	45
5201	44
5202	55
5203	43
5204	27
5205	36
5206	43
5207	35
5208	46
5209	38
5210	34
5211	39
5212	39
5213	41
5214	31
5215	42
5216	32
5217	40
5218	35
5219	49
5220	42
5221	41
5222	39
5223	41
5224	40
5225	41
5226	33
5227	36
5228	30
5229	32
5230	28
5231	41
5232	35
5233	30
5234	35
5235	25
5236	42
5237	23
5238	36
5239	32
5240	35
5241	35
5242	38
5243	37
5244	28
5245	32
5246	37
5247	33
5248	24
5249	30
5250	29
5251	30
5252	26
5253	27
5254	25
5255	23
5256	27
5257	19
5258	33
5259	28
5260	36
5261	24
5262	23
5263	31
5264	27
5265	29
5266	34
5267	19
5268	20
5269	21
5270	23
5271	26
5272	24
5273	25
5274	23
5275	17
5276	21
5277	18
5278	26
5279	20
5280	18
5281	18
5282	24
5283	21
5284	24
5285	14
5286	16
5287	13
5288	21
5289	29
5290	18
5291	18
5292	16
5293	22
5294	16
5295	17
5296	18
5297	13
5298	23
5299	15
5300	17
5301	17
5302	18
5303	17
5304	11
5305	15
5306	16
5307	10
5308	11
5309	11
5310	13
5311	14
5312	13
5313	17
5314	15
5315	12
5316	11
5317	23
5318	15
5319	11
5320	14
5321	16
5322	16
5323	16
5324	10
5325	10
5326	18
5327	12
5328	11
5329	19
5330	14
5331	16
5332	11
5333	5
5334	13
5335	15
5336	12
5337	9
5338	14
5339	12
5340	14
5341	14
5342	7
5343	10
5344	14
5345	7
5346	9
5347	10
5348	11
5349	8
5350	10
5351	2
5352	7
5353	6
5354	7
5355	10
5356	5
5357	9
5358	6
5359	3
5360	6
5361	7
5362	5
5363	12
5364	9
5365	10
5366	9
5367	7
5368	7
5369	8
5370	4
5371	8
5372	6
5373	5
5374	1
5375	4
5376	12
5377	4
5378	4
5379	6
5380	3
5381	2
5382	4
5383	5
5384	5
5385	2
5386	3
5387	6
5388	4
5389	4
5390	6
5391	5
5392	5
5393	4
5394	4
5395	6
5396	4
5397	4
5398	5
5399	5
5400	2
5401	3
5402	4
5403	3
5404	1
5405	2
5406	1
5407	2
5408	4
5409	1
5410	2
5411	2
5412	1
5413	1
5414	0
5415	3
5416	3
5417	4
5418	2
5419	1
5420	2
5421	2
5422	0
5423	1
5424	1
5425	2
5426	2
5427	1
5428	1
5429	1
5430	0
5431	0
5432	0
5433	1
5434	0
5435	1
5436	1
5437	1
5438	0
5439	2
5440	0
5441	1
5442	0
5443	0
5444	1
5445	1
5446	0
5447	1
5448	1
5449	1
5450	0
5451	1
5452	1
5453	0
5454	0
5455	0
5456	0
5457	0
5458	0
5459	0
5460	0
5461	0
5462	0
5463	0
5464	0
5465	0
5466	0
5467	0
5468	0
5469	0
5470	0
5471	0
5472	0
5473	0
5474	0
5475	0
5476	0
5477	0
5478	0
5479	0
5480	0
5481	0
5482	0
5483	0
5484	0
5485	0
5486	0
5487	0
5488	0
5489	0
5490	0
5491	0
5492	0
5493	0
5494	0
5495	0
5496	0
5497	0
5498	0
5499	0
5500	0
5501	0
5502	0
5503	0
5504	0
5505	0
5506	0
5507	0
5508	0
5509	0
5510	0
5511	0
5512	0
5513	0
5514	0
5515	0
5516	0
5517	0
5518	0
5519	0
5520	0
5521	0
5522	0
5523	0
5524	0
5525	0
5526	0
5527	0
5528	0
5529	0
5530	0
5531	0
5532	0
5533	0
5534	0
5535	0
5536	0
5537	0
5538	0
5539	0
5540	0
5541	0
5542	0
5543	0
5544	0
5545	0
5546	0
5547	0
5548	0
5549	0
5550	0
5551	0
5552	0
5553	0
5554	0
5555	0
5556	0
5557	0
5558	0
5559	0
5560	0
5561	0
5562	0
5563	0
5564	0
5565	0
5566	0
5567	0
5568	0
5569	0
5570	0
5571	0
5572	0
5573	0
5574	0
5575	0
5576	0
5577	0
5578	0
5579	0
5580	0
5581	0
5582	0
5583	0
5584	0
5585	0
5586	0
5587	0
5588	0
5589	0
5590	0
5591	0
5592	0
5593	0
5594	0
5595	0
5596	0
5597	0
5598	0
5599	0
5600	0
5601	0
5602	0
5603	0
5604	0
5605	0
5606	0
5607	0
5608	0
5609	0
5610	0
5611	0
5612	0
5613	0
5614	0
5615	0
5616	0
5617	0
5618	0
5619	0
5620	0
5621	0
5622	0
5623	0
5624	0
5625	0
5626	0
5627	0
5628	0
5629	0
5630	0
5631	0
5632	0
5633	0
5634	0
5635	0
5636	0
5637	0
5638	0
5639	0
5640	0
5641	0
5642	0
5643	0
5644	0
5645	0
5646	0
5647	0
5648	0
5649	0
5650	0
5651	0
5652	0
5653	0
5654	0
5655	0
5656	0
5657	0
5658	0
5659	0
5660	0
5661	0
5662	0
5663	0
5664	0
5665	0
5666	0
5667	0
5668	0
5669	0
5670	0
5671	0
5672	0
5673	0
5674	0
5675	0
5676	0
5677	0
5678	0
5679	0
5680	0
5681	0
5682	0
5683	0
5684	0
5685	0
5686	0
5687	0
5688	0
5689	0
5690	0
5691	0
5692	0
5693	0
5694	0
5695	0
5696	0
5697	0
5698	0
5699	0
5700	0
5701	0
5702	0
5703	0
5704	0
5705	0
5706	0
5707	0
5708	0
5709	0
5710	0
5711	0
5712	0
5713	0
5714	0
5715	0
5716	0
5717	0
5718	0
5719	0
5720	0
5721	0
5722	0
5723	0
5724	0
5725	0
5726	0
5727	0
5728	0
5729	0
5730	0
5731	0
5732	0
5733	0
5734	0
5735	0
5736	0
5737	0
5738	0
5739	0
5740	0
5741	0
5742	0
5743	0
5744	0
5745	0
5746	0
5747	0
5748	0
5749	0
5750	0
5751	0
5752	0
5753	0
5754	0
5755	0
5756	0
5757	0
5758	0
5759	0
5760	0
5761	0
5762	0
5763	0
5764	0
5765	0
5766	0
5767	0
5768	0
5769	0
5770	0
5771	0
5772	0
5773	0
5774	0
5775	0
5776	0
5777	0
5778	0
5779	0
5780	0
5781	0
5782	0
5783	0
5784	0
5785	0
5786	0
5787	0
5788	0
5789	0
5790	0
5791	0
5792	0
5793	0
5794	0
5795	0
5796	0
5797	0
5798	0
5799	0
5800	0
5801	0
5802	0
5803	0
5804	0
5805	0
5806	0
5807	0
5808	0
5809	0
5810	0
5811	0
5812	0
5813	0
5814	0
5815	0
5816	0
5817	0
5818	0
5819	0
5820	0
5821	0
5822	0
5823	0
5824	0
5825	0
5826	0
5827	0
5828	0
5829	0
5830	0
5831	0
5832	0
5833	0
5834	0
5835	0
5836	0
5837	0
5838	0
5839	0
5840	0
5841	0
5842	0
5843	0
5844	0
5845	0
5846	0
5847	0
5848	0
5849	0
5850	0
5851	0
5852	0
5853	0
5854	0
5855	0
5856	0
5857	0
5858	0
5859	0
5860	0
5861	0
5862	0
5863	0
5864	0
5865	0
5866	0
5867	0
5868	0
5869	0
5870	0
5871	0
5872	0
5873	0
5874	0
5875	0
5876	0
5877	0
5878	0
5879	0
5880	0
5881	0
5882	0
5883	0
5884	0
5885	0
5886	0
5887	0
5888	0
5889	0
5890	0
5891	0
5892	0
5893	0
5894	0
5895	0
5896	0
5897	0
5898	0
5899	0
5900	0
5901	0
5902	0
5903	0
5904	0
5905	0
5906	0
5907	0
5908	0
5909	0
5910	0
5911	0
5912	0
5913	0
5914	0
5915	0
5916	0
5917	0
5918	0
5919	0
5920	0
5921	0
5922	0
5923	0
5924	0
5925	0
5926	0
5927	0
5928	0
5929	0
5930	0
5931	0
5932	0
5933	0
5934	0
5935	0
5936	0
5937	0
5938	0
5939	0
5940	0
5941	0
5942	0
5943	0
5944	0
5945	0
5946	0
5947	0
5948	0
5949	0
5950	0
5951	0
5952	0
5953	0
5954	0
5955	0
5956	0
5957	0
5958	0
5959	0
5960	0
5961	0
5962	0
5963	0
5964	0
5965	0
5966	0
5967	0
5968	0
5969	0
5970	0
5971	0
5972	0
5973	0
5974	0
5975	0
5976	0
5977	0
5978	0
5979	0
5980	0
5981	0
5982	0
5983	0
5984	0
5985	0
5986	0
5987	0
5988	0
5989	0
5990	0
5991	0
5992	0
5993	0
5994	0
5995	0
5996	0
5997	0
5998	0
5999	0
6000	0
6001	0
6002	0
6003	0
6004	0
6005	0
6006	0
6007	0
6008	0
6009	0
6010	0
6011	0
6012	0
6013	0
6014	0
6015	0
6016	0
6017	0
6018	0
6019	0
6020	0
6021	0
6022	0
6023	0
6024	0
6025	0
6026	0
6027	0
6028	0
6029	0
6030	0
6031	0
6032	0
6033	0
6034	0
6035	0
6036	0
6037	0
6038	0
6039	0
6040	0
6041	0
6042	0
6043	0
6044	0
6045	0
6046	0
6047	0
6048	0
6049	0
6050	0
6051	0
6052	0
6053	0
6054	0
6055	0
6056	0
6057	0
6058	0
6059	0
6060	0
6061	0
6062	0
6063	0
6064	0
6065	0
6066	0
6067	0
6068	0
6069	0
6070	0
6071	0
6072	0
6073	0
6074	0
6075	0
6076	0
6077	0
6078	0
6079	0
6080	0
6081	0
6082	0
6083	0
6084	0
6085	0
6086	0
6087	0
6088	0
6089	0
6090	0
6091	0
6092	0
6093	0
6094	0
6095	0
6096	0
6097	0
6098	0
6099	0
6100	0
6101	0
6102	0
6103	0
6104	0
6105	0
6106	0
6107	0
6108	0
6109	0
6110	0
6111	0
6112	0
6113	0
6114	0
6115	0
6116	0
6117	0
6118	0
6119	0
6120	0
6121	0
6122	0
6123	0
6124	0
6125	0
6126	0
6127	0
6128	0
6129	0
6130	0
6131	0
6132	0
6133	0
6134	0
6135	0
6136	0
6137	0
6138	0
6139	0
6140	0
6141	0
6142	0
6143	0
6144	0
6145	0
6146	0
6147	0
6148	0
6149	0
6150	0
6151	0
6152	0
6153	0
6154	0
6155	0
6156	0
6157	0
6158	0
6159	0
6160	0
6161	0
6162	0
6163	0
6164	0
6165	0
6166	0
6167	0
6168	0
6169	0
6170	0
6171	0
6172	0
6173	0
6174	0
6175	0
6176	0
6177	0
6178	0
6179	0
6180	0
6181	0
6182	0
6183	0
6184	0
6185	0
6186	0
6187	0
6188	0
6189	0
6190	0
6191	0
6192	0
6193	0
6194	0
6195	0
6196	0
6197	0
6198	0
6199	0
6200	0
6201	0
6202	0
6203	0
6204	0
6205	0
6206	0
6207	0
6208	0
6209	0
6210	0
6211	0
6212	0
6213	0
6214	0
6215	0
6216	0
6217	0
6218	0
6219	0
6220	0
6221	0
6222	0
6223	0
6224	0
6225	0
6226	0
6227	0
6228	0
6229	0
6230	0
6231	0
6232	0
6233	0
6234	0
6235	0
6236	0
6237	0
6238	0
6239	0
6240	0
6241	0
6242	0
6243	0
6244	0
6245	0
6246	0
6247	0
6248	0
6249	0
6250	0
6251	0
6252	0
6253	0
6254	0
6255	0
6256	0
6257	0
6258	0
6259	0
6260	0
6261	0
6262	0
6263	0
6264	0
6265	0
6266	0
6267	0
6268	0
6269	0
6270	0
6271	0
6272	0
6273	0
6274	0
6275	0
6276	0
6277	0
6278	0
6279	0
6280	0
6281	0
6282	0
6283	0
6284	0
6285	0
6286	0
6287	0
6288	0
6289	0
6290	0
6291	0
6292	0
6293	0
6294	0
6295	0
6296	0
6297	0
6298	0
6299	0
6300	0
6301	0
6302	0
6303	0
6304	0
6305	0
6306	0
6307	0
6308	0
6309	0
6310	0
6311	0
6312	0
6313	0
6314	0
6315	0
6316	0
6317	0
6318	0
6319	0
6320	0
6321	0
6322	0
6323	0
6324	0
6325	0
6326	0
6327	0
6328	0
6329	0
6330	0
6331	0
6332	0
6333	0
6334	0
6335	0
6336	0
6337	0
6338	0
6339	0
6340	0
6341	0
6342	0
6343	0
6344	0
6345	0
6346	0
6347	0
6348	0
6349	0
6350	0
6351	0
6352	0
6353	0
6354	0
6355	0
6356	0
6357	0
6358	0
6359	0
6360	0
6361	0
6362	0
6363	0
6364	0
6365	0
6366	0
6367	0
6368	0
6369	0
6370	0
6371	0
6372	0
6373	0
6374	0
6375	0
6376	0
6377	0
6378	0
6379	0
6380	0
6381	0
6382	0
6383	0
6384	0
6385	0
6386	0
6387	0
6388	0
6389	0
6390	0
6391	0
6392	0
6393	0
6394	0
6395	0
6396	0
6397	0
6398	0
6399	0
6400	0
6401	0
6402	0
6403	0
6404	0
6405	0
6406	0
6407	0
6408	0
6409	0
6410	0
6411	0
6412	0
6413	0
6414	0
6415	0
6416	0
6417	0
6418	0
6419	0
6420	0
6421	0
6422	0
6423	0
6424	0
6425	0
6426	0
6427	0
6428	0
6429	0
6430	0
6431	0
6432	0
6433	0
6434	0
6435	0
6436	0
6437	0
6438	0
6439	0
6440	0
6441	0
6442	0
6443	0
6444	0
6445	0
6446	0
6447	0
6448	0
6449	0
6450	0
6451	0
6452	0
6453	0
6454	0
6455	0
6456	0
6457	0
6458	0
6459	0
6460	0
6461	0
6462	0
6463	0
6464	0
6465	0
6466	0
6467	0
6468	0
6469	0
6470	0
6471	0
6472	0
6473	0
6474	0
6475	0
6476	0
6477	0
6478	0
6479	0
6480	0
6481	0
6482	0
6483	0
6484	0
6485	0
6486	0
6487	0
6488	0
6489	0
6490	0
6491	0
6492	0
6493	0
6494	0
6495	0
6496	0
6497	0
6498	0
6499	0
6500	0
6501	0
6502	0
6503	0
6504	0
6505	0
6506	0
6507	0
6508	0
6509	0
6510	0
6511	0
6512	0
6513	0
6514	0
6515	0
6516	0
6517	0
6518	0
6519	0
6520	0
6521	0
6522	0
6523	0
6524	0
6525	0
6526	0
6527	0
6528	0
6529	0
6530	0
6531	0
6532	0
6533	0
6534	0
6535	0
6536	0
6537	0
6538	0
6539	0
6540	0
6541	0
6542	0
6543	0
6544	0
6545	0
6546	0
6547	0
6548	0
6549	0
6550	0
6551	0
6552	0
6553	0
6554	0
6555	0
6556	0
6557	0
6558	0
6559	0
6560	0
6561	0
6562	0
6563	0
6564	0
6565	0
6566	0
6567	0
6568	0
6569	0
6570	0
6571	0
6572	0
6573	0
6574	0
6575	0
6576	0
6577	0
6578	0
6579	0
6580	0
6581	0
6582	0
6583	0
6584	0
6585	0
6586	0
6587	0
6588	0
6589	0
6590	0
6591	0
6592	0
6593	0
6594	0
6595	0
6596	0
6597	0
6598	0
6599	0
6600	0
6601	0
6602	0
6603	0
6604	0
6605	0
6606	0
6607	0
6608	0
6609	0
6610	0
6611	0
6612	0
6613	0
6614	0
6615	0
6616	0
6617	0
6618	0
6619	0
6620	0
6621	0
6622	0
6623	0
6624	0
6625	0
6626	0
6627	0
6628	0
6629	0
6630	0
6631	0
6632	0
6633	0
6634	0
6635	0
6636	0
6637	0
6638	0
6639	0
6640	0
6641	0
6642	0
6643	0
6644	0
6645	0
6646	0
6647	0
6648	0
6649	0
6650	0
6651	0
6652	0
6653	0
6654	0
6655	0
6656	0
6657	0
6658	0
6659	0
6660	0
6661	0
6662	0
6663	0
6664	0
6665	0
6666	0
6667	0
6668	0
6669	0
6670	0
6671	0
6672	0
6673	0
6674	0
6675	0
6676	0
6677	0
6678	0
6679	0
6680	0
6681	0
6682	0
6683	0
6684	0
6685	0
6686	0
6687	0
6688	0
6689	0
6690	0
6691	0
6692	0
6693	0
6694	0
6695	0
6696	0
6697	0
6698	0
6699	0
6700	0
6701	0
6702	0
6703	0
6704	0
6705	0
6706	0
6707	0
6708	0
6709	0
6710	0
6711	0
6712	0
6713	0
6714	0
6715	0
6716	0
6717	0
6718	0
6719	0
6720	0
6721	0
6722	0
6723	0
6724	0
6725	0
6726	0
6727	0
6728	0
6729	0
6730	0
6731	0
6732	0
6733	0
6734	0
6735	0
6736	0
6737	0
6738	0
6739	0
6740	0
6741	0
6742	0
6743	0
6744	0
6745	0
6746	0
6747	0
6748	0
6749	0
6750	0
6751	0
6752	0
6753	0
6754	0
6755	0
6756	0
6757	0
6758	0
6759	0
6760	0
6761	0
6762	0
6763	0
6764	0
6765	0
6766	0
6767	0
6768	0
6769	0
6770	0
6771	0
6772	0
6773	0
6774	0
6775	0
6776	0
6777	0
6778	0
6779	0
6780	0
6781	0
6782	0
6783	0
6784	0
6785	0
6786	0
6787	0
6788	0
6789	0
6790	0
6791	0
6792	0
6793	0
6794	0
6795	0
6796	0
6797	0
6798	0
6799	0
6800	0
6801	0
6802	0
6803	0
6804	0
6805	0
6806	0
6807	0
6808	0
6809	0
6810	0
6811	0
6812	0
6813	0
6814	0
6815	0
6816	0
6817	0
6818	0
6819	0
6820	0
6821	0
6822	0
6823	0
6824	0
6825	0
6826	0
6827	0
6828	0
6829	0
6830	0
6831	0
6832	0
6833	0
6834	0
6835	0
6836	0
6837	0
6838	0
6839	0
6840	0
6841	0
6842	0
6843	0
6844	0
6845	0
6846	0
6847	0
6848	0
6849	0
6850	0
6851	0
6852	0
6853	0
6854	0
6855	0
6856	0
6857	0
6858	0
6859	0
6860	0
6861	0
6862	0
6863	0
6864	0
6865	0
6866	0
6867	0
6868	0
6869	0
6870	0
6871	0
6872	0
6873	0
6874	0
6875	0
6876	0
6877	0
6878	0
6879	0
6880	0
6881	0
6882	0
6883	0
6884	0
6885	0
6886	0
6887	0
6888	0
6889	0
6890	0
6891	0
6892	0
6893	0
6894	0
6895	0
6896	0
6897	0
6898	0
6899	0
6900	0
6901	0
6902	0
6903	0
6904	0
6905	0
6906	0
6907	0
6908	0
6909	0
6910	0
6911	0
6912	0
6913	0
6914	0
6915	0
6916	0
6917	0
6918	0
6919	0
6920	0
6921	0
6922	0
6923	0
6924	0
6925	0
6926	0
6927	0
6928	0
6929	0
6930	0
6931	0
6932	0
6933	0
6934	0
6935	0
6936	0
6937	0
6938	0
6939	0
6940	0
6941	0
6942	0
6943	0
6944	0
6945	0
6946	0
6947	0
6948	0
6949	0
6950	0
6951	0
6952	0
6953	0
6954	0
6955	0
6956	0
6957	0
6958	0
6959	0
6960	0
6961	0
6962	0
6963	0
6964	0
6965	0
6966	0
6967	0
6968	0
6969	0
6970	0
6971	0
6972	0
6973	0
6974	0
6975	0
6976	0
6977	0
6978	0
6979	0
6980	0
6981	0
6982	0
6983	0
6984	0
6985	0
6986	0
6987	0
6988	0
6989	0
6990	0
6991	0
6992	0
6993	0
6994	0
6995	0
6996	0
6997	0
6998	0
6999	0
7000	0
7001	0
7002	0
7003	0
7004	0
7005	0
7006	0
7007	0
7008	0
7009	0
7010	0
7011	0
7012	0
7013	0
7014	0
7015	0
7016	0
7017	0
7018	0
7019	0
7020	0
7021	0
7022	0
7023	0
7024	0
7025	0
7026	0
7027	0
7028	0
7029	0
7030	0
7031	0
7032	0
7033	0
7034	0
7035	0
7036	0
7037	0
7038	0
7039	0
7040	0
7041	0
7042	0
7043	0
7044	0
7045	0
7046	0
7047	0
7048	0
7049	0
7050	0
7051	0
7052	0
7053	0
7054	0
7055	0
7056	0
7057	0
7058	0
7059	0
7060	0
7061	0
7062	0
7063	0
7064	0
7065	0
7066	0
7067	0
7068	0
7069	0
7070	0
7071	0
7072	0
7073	0
7074	0
7075	0
7076	0
7077	0
7078	0
7079	0
7080	0
7081	0
7082	0
7083	0
7084	0
7085	0
7086	0
7087	0
7088	0
7089	0
7090	0
7091	0
7092	0
7093	0
7094	0
7095	0
7096	0
7097	0
7098	0
7099	0
7100	0
7101	0
7102	0
7103	0
7104	0
7105	0
7106	0
7107	0
7108	0
7109	0
7110	0
7111	0
7112	0
7113	0
7114	0
7115	0
7116	0
7117	0
7118	0
7119	0
7120	0
7121	0
7122	0
7123	0
7124	0
7125	0
7126	0
7127	0
7128	0
7129	0
7130	0
7131	0
7132	0
7133	0
7134	0
7135	0
7136	0
7137	0
7138	0
7139	0
7140	0
7141	0
7142	0
7143	0
7144	0
7145	0
7146	0
7147	0
7148	0
7149	0
7150	0
7151	0
7152	0
7153	0
7154	0
7155	0
7156	0
7157	0
7158	0
7159	0
7160	0
7161	0
7162	0
7163	0
7164	0
7165	0
7166	0
7167	0
7168	0
7169	0
7170	0
7171	0
7172	0
7173	0
7174	0
7175	0
7176	0
7177	0
7178	0
7179	0
7180	0
7181	0
7182	0
7183	0
7184	0
7185	0
7186	0
7187	0
7188	0
7189	0
7190	0
7191	0
7192	0
7193	0
7194	0
7195	0
7196	0
7197	0
7198	0
7199	0
7200	0
7201	0
7202	0
7203	0
7204	0
7205	0
7206	0
7207	0
7208	0
7209	0
7210	0
7211	0
7212	0
7213	0
7214	0
7215	0
7216	0
7217	0
7218	0
7219	0
7220	0
7221	0
7222	0
7223	0
7224	0
7225	0
7226	0
7227	0
7228	0
7229	0
7230	0
7231	0
7232	0
7233	0
7234	0
7235	0
7236	0
7237	0
7238	0
7239	0
7240	0
7241	0
7242	0
7243	0
7244	0
7245	0
7246	0
7247	0
7248	0
7249	0
7250	0
7251	0
7252	0
7253	0
7254	0
7255	0
7256	0
7257	0
7258	0
7259	0
7260	0
7261	0
7262	0
7263	0
7264	0
7265	0
7266	0
7267	0
7268	0
7269	0
7270	0
7271	0
7272	0
7273	0
7274	0
7275	0
7276	0
7277	0
7278	0
7279	0
7280	0
7281	0
7282	0
7283	0
7284	0
7285	0
7286	0
7287	0
7288	0
7289	0
7290	0
7291	0
7292	0
7293	0
7294	0
7295	0
7296	0
7297	0
7298	0
7299	0
7300	0
7301	0
7302	0
7303	0
7304	0
7305	0
7306	0
7307	0
7308	0
7309	0
7310	0
7311	0
7312	0
7313	0
7314	0
7315	0
7316	0
7317	0
7318	0
7319	0
7320	0
7321	0
7322	0
7323	0
7324	0
7325	0
7326	0
7327	0
7328	0
7329	0
7330	0
7331	0
7332	0
7333	0
7334	0
7335	0
7336	0
7337	0
7338	0
7339	0
7340	0
7341	0
7342	0
7343	0
7344	0
7345	0
7346	0
7347	0
7348	0
7349	0
7350	0
7351	0
7352	0
7353	0
7354	0
7355	0
7356	0
7357	0
7358	0
7359	0
7360	0
7361	0
7362	0
7363	0
7364	0
7365	0
7366	0
7367	0
7368	0
7369	0
7370	0
7371	0
7372	0
7373	0
7374	0
7375	0
7376	0
7377	0
7378	0
7379	0
7380	0
7381	0
7382	0
7383	0
7384	0
7385	0
7386	0
7387	0
7388	0
7389	0
7390	0
7391	0
7392	0
7393	0
7394	0
7395	0
7396	0
7397	0
7398	0
7399	0
7400	0
7401	0
7402	0
7403	0
7404	0
7405	0
7406	0
7407	0
7408	0
7409	0
7410	0
7411	0
7412	0
7413	0
7414	0
7415	0
7416	0
7417	0
7418	0
7419	0
7420	0
7421	0
7422	0
7423	0
7424	0
7425	0
7426	0
7427	0
7428	0
7429	0
7430	0
7431	0
7432	0
7433	0
7434	0
7435	0
7436	0
7437	0
7438	0
7439	0
7440	0
7441	0
7442	0
7443	0
7444	0
7445	0
7446	0
7447	0
7448	0
7449	0
7450	0
7451	0
7452	0
7453	0
7454	0
7455	0
7456	0
7457	0
7458	0
7459	0
7460	0
7461	0
7462	0
7463	0
7464	0
7465	0
7466	0
7467	0
7468	0
7469	0
7470	0
7471	0
7472	0
7473	0
7474	0
7475	0
7476	0
7477	0
7478	0
7479	0
7480	0
7481	0
7482	0
7483	0
7484	0
7485	0
7486	0
7487	0
7488	0
7489	0
7490	0
7491	0
7492	0
7493	0
7494	0
7495	0
7496	0
7497	0
7498	0
7499	0
7500	0
7501	0
7502	0
7503	0
7504	0
7505	0
7506	0
7507	0
7508	0
7509	0
7510	0
7511	0
7512	0
7513	0
7514	0
7515	0
7516	0
7517	0
7518	0
7519	0
7520	0
7521	0
7522	0
7523	0
7524	0
7525	0
7526	0
7527	0
7528	0
7529	0
7530	0
7531	0
7532	0
7533	0
7534	0
7535	0
7536	0
7537	0
7538	0
7539	0
7540	0
7541	0
7542	0
7543	0
7544	0
7545	0
7546	0
7547	0
7548	0
7549	0
7550	0
7551	0
7552	0
7553	0
7554	0
7555	0
7556	0
7557	0
7558	0
7559	0
7560	0
7561	0
7562	0
7563	0
7564	0
7565	0
7566	0
7567	0
7568	0
7569	0
7570	0
7571	0
7572	0
7573	0
7574	0
7575	0
7576	0
7577	0
7578	0
7579	0
7580	0
7581	0
7582	0
7583	0
7584	0
7585	0
7586	0
7587	0
7588	0
7589	0
7590	0
7591	0
7592	0
7593	0
7594	0
7595	0
7596	0
7597	0
7598	0
7599	0
7600	0
7601	0
7602	0
7603	0
7604	0
7605	0
7606	0
7607	0
7608	0
7609	0
7610	0
7611	0
7612	0
7613	0
7614	0
7615	0
7616	0
7617	0
7618	0
7619	0
7620	0
7621	0
7622	0
7623	0
7624	0
7625	0
7626	0
7627	0
7628	0
7629	0
7630	0
7631	0
7632	0
7633	0
7634	0
7635	0
7636	0
7637	0
7638	0
7639	0
7640	0
7641	0
7642	0
7643	0
7644	0
7645	0
7646	0
7647	0
7648	0
7649	0
7650	0
7651	0
7652	0
7653	0
7654	0
7655	0
7656	0
7657	0
7658	0
7659	0
7660	0
7661	0
7662	0
7663	0
7664	0
7665	0
7666	0
7667	0
7668	0
7669	0
7670	0
7671	0
7672	0
7673	0
7674	0
7675	0
7676	0
7677	0
7678	0
7679	0
7680	0
7681	0
7682	0
7683	0
7684	0
7685	0
7686	0
7687	0
7688	0
7689	0
7690	0
7691	0
7692	0
7693	0
7694	0
7695	0
7696	0
7697	0
7698	0
7699	0
7700	0
7701	0
7702	0
7703	0
7704	0
7705	0
7706	0
7707	0
7708	0
7709	0
7710	0
7711	0
7712	0
7713	0
7714	0
7715	0
7716	0
7717	0
7718	0
7719	0
7720	0
7721	0
7722	0
7723	0
7724	0
7725	0
7726	0
7727	0
7728	0
7729	0
7730	0
7731	0
7732	0
7733	0
7734	0
7735	0
7736	0
7737	0
7738	0
7739	0
7740	0
7741	0
7742	0
7743	0
7744	0
7745	0
7746	0
7747	0
7748	0
7749	0
7750	0
7751	0
7752	0
7753	0
7754	0
7755	0
7756	0
7757	0
7758	0
7759	0
7760	0
7761	0
7762	0
7763	0
7764	0
7765	0
7766	0
7767	0
7768	0
7769	0
7770	0
7771	0
7772	0
7773	0
7774	0
7775	0
7776	0
7777	0
7778	0
7779	0
7780	0
7781	0
7782	0
7783	0
7784	0
7785	0
7786	0
7787	0
7788	0
7789	0
7790	0
7791	0
7792	0
7793	0
7794	0
7795	0
7796	0
7797	0
7798	0
7799	0
7800	0
7801	0
7802	0
7803	0
7804	0
7805	0
7806	0
7807	0
7808	0
7809	0
7810	0
7811	0
7812	0
7813	0
7814	0
7815	0
7816	0
7817	0
7818	0
7819	0
7820	0
7821	0
7822	0
7823	0
7824	0
7825	0
7826	0
7827	0
7828	0
7829	0
7830	0
7831	0
7832	0
7833	0
7834	0
7835	0
7836	0
7837	0
7838	0
7839	0
7840	0
7841	0
7842	0
7843	0
7844	0
7845	0
7846	0
7847	0
7848	0
7849	0
7850	0
7851	0
7852	0
7853	0
7854	0
7855	0
7856	0
7857	0
7858	0
7859	0
7860	0
7861	0
7862	0
7863	0
7864	0
7865	0
7866	0
7867	0
7868	0
7869	0
7870	0
7871	0
7872	0
7873	0
7874	0
7875	0
7876	0
7877	0
7878	0
7879	0
7880	0
7881	0
7882	0
7883	0
7884	0
7885	0
7886	0
7887	0
7888	0
7889	0
7890	0
7891	0
7892	0
7893	0
7894	0
7895	0
7896	0
7897	0
7898	0
7899	0
7900	0
7901	0
7902	0
7903	0
7904	0
7905	0
7906	0
7907	0
7908	0
7909	0
7910	0
7911	0
7912	0
7913	0
7914	0
7915	0
7916	0
7917	0
7918	0
7919	0
7920	0
7921	0
7922	0
7923	0
7924	0
7925	0
7926	0
7927	0
7928	0
7929	0
7930	0
7931	0
7932	0
7933	0
7934	0
7935	0
7936	0
7937	0
7938	0
7939	0
7940	0
7941	0
7942	0
7943	0
7944	0
7945	0
7946	0
7947	0
7948	0
7949	0
7950	0
7951	0
7952	0
7953	0
7954	0
7955	0
7956	0
7957	0
7958	0
7959	0
7960	0
7961	0
7962	0
7963	0
7964	0
7965	0
7966	0
7967	0
7968	0
7969	0
7970	0
7971	0
7972	0
7973	0
7974	0
7975	0
7976	0
7977	0
7978	0
7979	0
7980	0
7981	0
7982	0
7983	0
7984	0
7985	0
7986	0
7987	0
7988	0
7989	0
7990	0
7991	0
7992	0
7993	0
7994	0
7995	0
7996	0
7997	0
7998	0
7999	0
8000	0
8001	0
8002	0
8003	0
8004	0
8005	0
8006	0
8007	0
8008	0
8009	0
8010	0
8011	0
8012	0
8013	0
8014	0
8015	0
8016	0
8017	0
8018	0
8019	0
8020	0
8021	0
8022	0
8023	0
8024	0
8025	0
8026	0
8027	0
8028	0
8029	0
8030	0
8031	0
8032	0
8033	0
8034	0
8035	0
8036	0
8037	0
8038	0
8039	0
8040	0
8041	0
8042	0
8043	0
8044	0
8045	0
8046	0
8047	0
8048	0
8049	0
8050	0
8051	0
8052	0
8053	0
8054	0
8055	0
8056	0
8057	0
8058	0
8059	0
8060	0
8061	0
8062	0
8063	0
8064	0
8065	0
8066	0
8067	0
8068	0
8069	0
8070	0
8071	0
8072	0
8073	0
8074	0
8075	0
8076	0
8077	0
8078	0
8079	0
8080	0
8081	0
8082	0
8083	0
8084	0
8085	0
8086	0
8087	0
8088	0
8089	0
8090	0
8091	0
8092	0
8093	0
8094	0
8095	0
8096	0
8097	0
8098	0
8099	0
8100	0
8101	0
8102	0
8103	0
8104	0
8105	0
8106	0
8107	0
8108	0
8109	0
8110	0
8111	0
8112	0
8113	0
8114	0
8115	0
8116	0
8117	0
8118	0
8119	0
8120	0
8121	0
8122	0
8123	0
8124	0
8125	0
8126	0
8127	0
8128	0
8129	0
8130	0
8131	0
8132	0
8133	0
8134	0
8135	0
8136	0
8137	0
8138	0
8139	0
8140	0
8141	0
8142	0
8143	0
8144	0
8145	0
8146	0
8147	0
8148	0
8149	0
8150	0
8151	0
8152	0
8153	0
8154	0
8155	0
8156	0
8157	0
8158	0
8159	0
8160	0
8161	0
8162	0
8163	0
8164	0
8165	0
8166	0
8167	0
8168	0
8169	0
8170	0
8171	0
8172	0
8173	0
8174	0
8175	0
8176	0
8177	0
8178	0
8179	0
8180	0
8181	0
8182	0
8183	0
8184	0
8185	0
8186	0
8187	0
8188	0
8189	0
8190	0
8191	0
